20
100 500
9 73
74 91
26 43
95 86
41 32
5 65
49 84
1 73
1 27
44 92
46 34
20 68
12 28
57 21
80 78
42 40
27 99
16 60
53 72
3 86
83 47
21 60
46 16
92 22
92 35
9 78
15 27
76 76
80 35
29 82
11 18
93 80
52 4
100 29
27 7
58 80
62 25
87 5
33 26
86 43
3 41
27 30
28 88
91 39
9 98
8 97
74 3
42 74
33 89
58 84
89 68
84 31
62 79
67 52
17 19
6 15
51 55
94 39
96 30
18 86
13 9
92 44
73 63
88 67
3 32
74 28
4 3
59 1
92 16
22 59
56 15
25 18
13 90
14 14
32 50
29 88
39 17
21 97
42 40
22 9
89 42
8 13
83 75
35 90
20 3
92 34
3 43
47 26
36 89
89 39
85 62
38 3
99 56
9 51
5 62
22 93
15 84
59 92
68 14
58 49
92 21
10 15
35 61
71 70
61 73
92 35
55 84
84 92
27 63
78 57
27 8
25 18
60 31
54 43
61 63
42 83
61 55
33 88
73 90
86 14
18 89
40 86
85 79
40 3
50 24
8 56
39 11
41 52
76 50
95 91
9 13
96 51
27 37
65 69
54 79
2 28
82 42
22 59
83 17
77 39
36 79
33 11
57 71
87 82
48 11
97 57
58 64
12 2
32 3
42 86
75 74
38 26
13 8
84 27
92 61
92 7
90 70
20 14
26 38
88 17
34 51
70 93
21 61
71 96
47 12
80 30
99 21
28 79
67 19
57 59
76 72
86 32
55 56
80 13
6 70
49 1
36 36
75 38
18 40
74 17
86 25
23 41
33 52
24 100
39 100
48 25
72 4
80 30
90 92
3 48
76 89
70 10
58 46
85 91
87 87
78 55
48 23
98 8
42 39
18 38
40 54
46 99
88 53
99 64
18 83
14 20
94 50
100 74
63 99
74 33
99 64
86 3
99 96
47 4
18 33
72 45
34 9
62 74
2 3
97 55
88 91
46 49
43 95
49 78
94 38
70 9
68 40
1 7
98 7
41 69
69 69
62 95
59 21
39 54
82 89
96 55
56 93
32 33
53 81
8 60
37 84
30 51
30 6
68 89
33 86
54 67
74 62
28 85
16 93
13 58
72 33
37 51
41 11
58 80
70 99
48 25
96 16
90 80
56 6
64 66
45 77
28 47
26 79
28 77
79 53
31 61
71 59
52 38
93 30
48 36
96 7
3 77
26 76
20 42
96 13
86 41
27 63
2 29
58 78
35 58
65 85
75 74
30 31
51 27
67 89
73 27
67 81
1 98
45 68
100 88
11 36
88 36
64 61
12 41
22 99
11 68
66 15
43 52
99 37
29 25
72 3
29 72
8 56
46 56
70 73
18 75
87 76
59 58
15 71
71 9
43 2
72 75
29 20
51 51
78 30
19 53
67 83
76 26
22 71
4 68
18 69
69 40
61 55
65 100
83 94
66 56
51 1
41 38
73 44
55 56
30 21
66 44
71 15
93 10
48 33
35 59
48 32
84 56
1 15
99 96
5 75
74 62
73 37
75 43
82 74
47 88
37 66
79 52
97 56
9 13
18 91
8 13
99 66
24 53
58 1
22 30
18 24
29 36
86 76
94 40
3 36
67 52
37 98
78 80
14 76
2 24
53 26
82 38
31 34
53 25
86 24
11 36
27 49
15 56
36 3
25 19
6 90
35 49
1 15
30 27
68 41
90 66
22 16
4 39
61 93
62 29
46 55
72 24
72 2
70 35
11 29
15 37
2 40
5 40
84 73
33 43
97 56
99 61
84 9
41 79
42 19
97 61
36 81
9 70
79 81
46 34
92 31
17 67
100 89
26 26
79 42
11 41
21 66
24 17
34 35
72 45
33 48
76 85
16 37
27 13
18 3
68 48
98 84
17 95
27 73
78 73
73 64
49 59
47 76
34 22
35 46
32 4
8 22
99 1
51 96
91 67
42 88
8 97
33 89
31 46
92 66
69 23
57 34
47 12
73 71
74 42
28 91
5 76
13 58
74 45
49 6
12 85
31 51
88 72
88 2
24 45
94 91
88 85
34 1
49 7
88 29
64 21
17 82
96 59
5 28
70 16
3 20
1 97
14 69
7 55
44 71
92 90
25 4
75 29
43 14
61 99
70 34
76 94
72 86
23 33
1 21
29 54
28 87
58 15
6 71
88 87
91 26
16 8
14 17
93 84
91 14
47 32
93 22
41 4
97 66
30 70
82 94
49 55
90 31
68 86
100 500
93 34
8 97
33 26
63 59
71 72
42 99
62 72
69 46
67 81
88 89
76 85
34 23
73 77
96 26
79 99
90 83
64 5
1 73
90 61
94 8
54 99
49 53
88 76
37 88
37 25
47 10
53 60
85 57
83 62
72 21
96 49
62 98
31 94
81 43
85 94
38 30
52 52
19 61
31 81
71 80
50 81
46 72
100 31
28 25
62 90
25 18
84 19
24 9
76 55
100 31
48 96
7 39
44 6
37 34
17 85
100 78
59 75
25 67
73 92
64 40
43 6
65 99
61 84
65 65
14 61
85 85
67 3
70 98
23 78
89 18
66 12
40 77
99 77
87 59
14 98
9 83
39 39
52 16
93 37
95 21
87 87
63 91
67 25
24 80
47 83
52 5
66 12
5 54
65 87
18 44
73 66
61 72
46 98
100 37
29 96
54 65
9 48
42 79
100 31
86 27
79 54
73 59
75 56
83 20
56 73
5 56
55 31
56 91
52 40
49 90
45 49
48 71
56 15
37 37
41 78
96 29
12 92
39 95
77 54
52 15
43 31
89 51
14 48
59 5
7 46
64 79
24 70
70 10
67 18
99 1
60 46
16 11
48 80
5 99
11 63
1 91
30 41
56 1
63 92
22 21
50 89
42 40
80 80
10 10
63 11
95 84
81 31
36 24
84 49
83 71
25 67
81 38
12 42
89 50
86 85
8 18
23 8
85 27
30 31
8 67
72 68
87 73
6 28
8 30
63 5
88 50
17 93
12 91
90 71
27 38
54 64
28 88
75 66
40 65
19 84
3 51
27 41
56 79
81 35
87 5
21 13
84 62
33 61
96 53
46 21
90 14
74 39
97 25
61 20
57 94
89 18
5 12
13 96
50 86
64 5
59 66
98 7
71 10
75 66
72 19
48 95
44 37
88 23
72 98
73 99
65 92
59 54
44 37
80 26
67 81
18 25
31 31
58 51
63 59
75 16
87 99
42 52
95 95
20 32
58 89
38 28
54 15
82 28
43 78
26 95
49 21
91 59
95 80
40 59
25 94
54 12
1 54
24 95
50 67
87 66
83 19
31 28
1 1
18 78
16 66
49 72
53 10
63 40
59 91
10 69
52 73
2 47
66 1
63 5
56 16
63 42
54 92
63 66
97 93
41 57
12 99
52 52
47 80
5 16
34 28
38 89
42 54
89 89
32 26
18 23
43 8
67 37
6 89
52 64
77 52
3 41
11 91
57 67
5 65
39 98
72 74
11 79
12 87
59 11
48 19
66 16
1 87
33 26
14 24
38 85
54 42
2 26
62 36
90 80
85 94
65 66
68 61
79 54
5 54
48 48
24 95
42 54
56 87
47 13
35 3
68 24
83 96
10 21
99 12
11 65
61 22
42 54
70 83
87 73
48 21
3 89
40 63
1 91
75 42
92 66
17 76
64 99
11 16
91 79
69 14
25 55
11 66
23 76
54 65
76 34
1 54
66 79
1 77
34 50
89 57
15 40
53 46
76 58
34 4
70 9
7 46
46 48
29 46
73 87
61 39
60 96
98 2
64 73
28 86
18 6
79 99
7 46
23 27
36 45
40 52
2 24
15 77
66 65
32 61
87 75
83 69
79 75
15 87
100 28
85 17
62 47
59 15
65 77
82 89
20 14
18 76
38 27
94 51
11 40
94 27
72 26
90 68
69 39
51 51
41 55
28 35
12 77
64 66
36 74
71 19
38 17
34 97
94 58
50 25
98 61
40 59
82 41
52 87
82 86
15 12
5 65
68 24
55 88
7 60
89 34
69 10
21 9
97 57
28 88
95 47
47 53
38 41
81 78
40 79
15 64
15 11
91 63
42 52
64 92
79 5
82 23
55 8
16 42
80 39
15 42
99 42
35 6
80 45
79 64
21 96
59 11
43 51
9 53
63 11
80 68
2 84
39 32
72 26
5 11
83 98
93 55
45 47
37 93
70 48
28 82
84 80
5 42
10 19
56 77
90 53
71 95
73 87
13 14
38 37
21 13
43 8
56 52
29 53
85 50
14 68
99 65
60 45
36 26
99 11
33 53
9 71
43 86
52 5
97 82
94 97
88 43
91 52
78 57
8 50
32 29
12 54
17 3
79 65
17 3
80 26
11 75
65 42
99 54
80 29
37 23
19 84
25 41
37 82
94 93
95 19
59 5
60 69
18 38
99 65
89 30
21 32
32 90
32 10
77 77
74 13
60 53
78 88
18 100
67 6
24 9
55 85
15 12
31 89
23 18
34 30
100 500
54 73
74 80
38 61
42 90
25 33
86 40
87 82
77 1
12 50
11 48
24 48
45 67
64 64
8 41
98 71
61 62
57 31
77 84
88 77
97 39
39 87
93 12
45 6
39 81
46 9
29 40
39 10
86 71
83 44
81 28
30 29
15 53
98 84
7 3
1 52
1 13
22 36
22 7
50 71
4 79
48 5
36 91
32 96
7 64
6 95
90 79
29 59
84 30
44 97
47 37
88 50
11 23
68 29
7 46
88 84
75 20
42 97
22 96
34 72
59 26
38 67
89 73
69 41
49 49
86 29
86 86
13 93
79 28
89 41
70 29
61 62
67 64
74 9
23 72
17 87
17 87
28 83
73 33
25 8
86 52
42 39
24 63
58 99
31 15
11 4
32 32
94 47
97 79
59 13
31 19
2 25
16 71
79 4
49 35
43 3
93 77
58 43
97 76
35 41
61 32
37 47
75 44
90 39
16 30
33 51
75 4
21 62
73 15
39 72
13 26
77 71
97 23
83 92
73 69
66 15
17 11
33 2
30 77
69 66
29 93
68 26
11 20
79 39
28 90
62 9
32 96
87 47
9 38
14 2
43 36
63 56
40 30
55 98
81 42
82 5
53 51
16 84
5 20
15 19
99 80
21 6
80 67
84 71
47 94
40 52
54 31
68 60
77 29
84 88
18 54
42 37
14 66
51 14
66 66
9 36
39 90
2 69
96 27
8 69
75 10
7 6
85 82
50 86
31 15
11 42
59 26
36 95
57 57
82 79
85 72
22 22
48 17
11 28
8 53
28 87
60 13
2 73
52 68
15 73
1 100
80 61
2 57
74 74
76 10
55 68
25 14
54 53
58 3
13 16
22 95
76 75
26 16
14 19
85 48
75 75
53 33
98 88
100 40
66 66
89 41
3 46
93 12
87 4
22 91
59 84
43 46
22 6
12 71
83 24
31 41
46 46
78 22
81 42
23 63
5 82
38 62
40 60
35 19
66 49
53 57
26 70
4 90
25 51
88 50
5 44
16 71
100 100
12 77
62 45
93 68
60 98
7 9
77 29
23 56
3 22
3 9
70 50
66 25
86 68
16 70
82 94
51 2
52 29
39 37
42 23
69 54
71 26
40 84
97 81
67 61
90 47
93 84
44 63
33 66
66 69
42 23
39 83
57 51
38 95
33 66
91 74
38 91
82 72
81 37
88 59
39 87
81 79
43 80
49 35
53 15
97 85
24 17
89 89
71 100
25 8
51 31
74 65
39 85
56 72
34 63
44 10
29 30
1 59
59 50
18 19
79 24
38 78
45 32
49 8
61 21
72 92
19 89
96 61
97 10
24 79
56 17
95 99
89 15
53 51
16 40
81 63
15 33
97 97
39 92
2 31
11 28
31 51
68 93
22 61
52 1
2 33
80 64
4 10
59 93
41 49
53 54
16 77
73 2
54 69
95 21
69 18
49 35
70 93
48 90
31 33
68 68
71 29
14 51
43 21
72 75
96 74
29 77
75 39
40 86
86 84
52 12
84 84
45 58
69 15
86 93
14 51
49 54
17 87
95 67
62 46
49 53
65 45
96 3
62 9
78 58
27 95
63 17
49 73
18 15
22 32
12 98
33 25
4 34
37 28
100 68
48 87
58 32
24 82
89 53
31 31
59 50
53 57
90 37
80 22
79 76
52 12
14 54
21 65
2 33
58 61
31 2
11 47
26 16
71 100
8 66
26 50
88 26
60 40
58 21
18 2
12 93
88 50
100 98
94 11
92 34
14 49
62 21
75 39
77 1
16 16
77 77
68 93
35 41
35 19
19 31
88 55
90 87
65 3
61 99
34 17
44 56
22 43
29 30
12 100
3 27
100 12
49 33
4 42
63 82
92 5
34 48
73 54
47 10
93 86
25 49
92 56
13 70
38 43
1 12
45 6
47 5
7 36
91 64
16 86
7 43
59 40
63 11
47 83
13 59
93 93
100 71
29 86
49 35
60 55
9 21
92 83
73 14
32 64
21 62
53 35
24 20
87 11
17 44
55 93
79 23
57 57
54 49
61 99
81 44
69 51
41 41
94 47
49 73
89 35
100 16
32 96
15 57
37 79
18 8
20 79
23 83
7 22
11 4
70 59
94 34
2 2
73 73
2 73
34 92
50 40
3 3
68 68
98 100
84 12
100 29
69 73
54 73
32 6
44 11
50 50
42 90
19 57
61 36
96 64
16 84
14 53
55 16
1 100
25 73
8 2
12 59
15 51
47 76
54 8
69 51
100 500
16 19
3 71
22 57
14 27
23 22
13 42
72 34
22 23
55 92
65 74
45 52
2 2
71 9
6 32
75 56
99 29
56 19
31 5
78 97
1 94
28 89
78 21
34 96
50 50
78 47
59 84
20 30
61 49
47 37
7 77
49 42
82 66
43 1
6 6
79 88
46 45
53 7
69 85
30 21
21 37
54 65
51 34
53 35
60 72
49 93
15 35
4 56
50 75
14 11
51 86
35 15
37 21
22 34
12 73
16 16
22 57
87 76
51 29
54 48
66 3
59 84
81 68
93 42
21 56
97 88
14 8
56 79
28 89
95 95
16 16
64 93
93 28
23 95
72 67
64 49
67 22
58 42
78 30
26 60
97 16
50 4
63 24
99 99
41 76
56 56
78 79
19 88
65 74
87 53
68 53
12 93
81 35
77 8
45 54
68 68
61 85
7 35
5 61
13 58
88 37
8 41
94 96
58 42
49 28
79 88
97 37
57 86
96 44
30 37
92 93
37 88
35 77
66 82
7 53
58 28
24 59
39 25
73 73
29 86
53 32
18 48
19 79
30 75
41 83
42 58
56 88
3 100
76 7
12 5
73 98
97 75
79 19
14 11
47 20
39 83
19 88
13 58
87 81
1 34
16 21
85 98
58 89
16 79
16 30
92 28
99 72
13 49
42 55
73 98
89 55
41 53
85 58
47 20
65 54
89 73
37 20
41 2
54 71
33 95
15 35
27 27
96 72
11 83
32 40
32 2
99 29
15 68
31 12
56 37
65 59
42 5
56 21
92 89
90 48
5 98
95 43
92 12
45 24
7 25
81 41
66 45
9 66
38 26
12 98
65 45
79 56
58 92
26 72
40 27
57 86
75 50
71 82
16 50
79 19
68 36
43 29
28 85
76 83
92 93
95 34
63 48
92 13
60 22
97 47
15 32
58 49
3 90
61 91
65 9
95 22
54 46
60 94
6 41
71 80
67 96
31 85
49 28
86 29
21 88
81 68
7 39
97 50
10 96
41 15
100 24
59 90
42 42
46 52
85 98
93 73
92 5
56 20
31 64
89 5
68 36
40 6
14 36
89 28
77 81
41 41
25 83
18 100
84 48
24 63
20 47
19 20
24 48
56 47
8 36
35 40
75 4
16 79
81 76
21 19
91 85
30 47
9 59
25 25
7 76
38 57
90 24
87 77
29 34
15 11
65 84
74 3
5 28
86 94
20 17
60 23
94 29
56 16
8 35
32 39
56 37
46 9
47 17
43 60
61 49
76 2
14 40
85 91
82 66
60 95
4 78
18 54
92 61
24 54
25 11
23 60
9 71
16 37
95 43
88 97
28 85
67 51
50 37
83 15
71 65
89 69
8 14
69 5
96 44
71 9
55 13
91 31
16 78
59 9
30 79
65 46
41 83
48 24
25 83
28 61
30 21
31 92
100 65
3 52
54 48
77 53
85 58
83 35
81 39
82 9
67 67
86 95
42 28
11 7
72 99
32 15
78 37
97 20
37 37
1 44
38 96
47 88
65 54
9 66
15 2
41 68
11 14
73 93
56 30
59 62
36 2
2 25
67 86
16 97
23 23
44 22
12 85
56 56
97 21
73 49
52 100
75 19
23 38
29 33
40 2
72 60
90 59
29 34
66 59
63 74
2 83
1 10
19 37
16 75
1 67
53 6
72 26
9 24
63 62
4 75
37 50
86 57
24 84
83 32
79 17
60 57
28 89
5 89
49 92
61 13
77 7
89 91
91 85
17 17
76 15
17 75
44 26
50 4
33 95
82 63
34 70
43 26
42 91
56 75
11 39
20 17
45 48
25 11
78 19
26 95
69 92
82 66
60 44
15 35
13 55
14 39
92 12
33 67
46 24
18 48
4 17
88 16
78 56
30 30
13 92
62 45
59 100
47 56
8 2
95 95
86 86
97 19
5 64
60 44
73 64
50 78
98 49
21 19
88 19
22 29
64 69
51 33
16 37
48 52
63 9
76 27
29 10
99 94
71 9
29 43
30 88
6 83
58 13
28 93
30 16
66 52
12 91
46 52
91 93
69 91
16 17
33 86
21 88
53 53
54 54
100 24
62 63
67 72
97 20
31 42
3 62
89 64
19 78
30 47
69 12
5 13
25 36
29 1
63 52
21 88
68 39
94 70
88 47
77 27
92 12
22 34
62 59
21 79
59 71
30 56
42 69
67 67
98 64
50 20
49 92
96 10
82 65
82 84
40 14
70 26
91 93
9 71
29 70
33 94
96 94
82 74
100 500
78 44
25 75
69 35
4 23
74 47
37 14
71 6
1 13
63 93
99 89
83 30
38 74
53 100
89 69
23 98
32 23
86 49
42 17
37 37
19 43
84 84
49 95
41 69
8 51
92 68
4 98
25 77
50 97
18 62
50 34
56 25
50 39
73 34
71 79
65 36
9 31
76 53
100 80
12 60
94 39
70 68
78 44
85 64
3 100
90 21
1 22
7 47
65 79
15 31
37 53
61 10
16 69
88 20
25 1
65 40
35 66
99 5
32 94
84 84
79 57
95 37
84 23
95 28
11 33
93 93
25 88
91 56
84 98
64 76
73 73
10 18
34 73
34 34
100 64
55 96
8 64
4 34
100 76
20 42
86 26
98 50
78 79
38 18
85 8
100 64
98 50
65 36
18 70
3 86
67 13
31 83
98 23
23 23
37 85
43 87
15 58
80 86
61 60
80 14
93 5
55 17
12 74
36 83
41 52
11 85
46 82
53 95
79 36
93 16
78 9
74 38
31 57
76 86
73 50
68 27
71 57
68 43
21 21
43 47
57 15
24 17
90 10
11 95
80 80
89 69
51 11
12 70
56 42
58 58
27 7
8 3
11 49
94 94
35 16
82 35
19 92
12 74
34 84
83 40
64 86
47 90
65 15
45 72
81 16
34 84
12 87
52 5
27 92
33 37
6 31
37 86
83 79
82 93
82 35
43 18
83 6
85 64
30 79
71 79
61 60
89 52
71 9
16 41
48 88
8 80
61 2
6 9
39 39
55 91
46 35
52 41
92 74
1 22
53 14
55 13
83 40
35 52
44 71
94 84
35 93
45 24
6 78
65 71
83 15
32 94
84 50
92 87
89 16
58 31
7 38
94 4
15 65
99 89
89 63
34 97
70 18
52 16
84 4
24 54
72 77
44 30
41 82
69 16
23 50
34 39
39 32
94 4
46 93
22 20
98 94
49 3
91 45
59 82
89 99
86 8
99 89
80 76
4 97
19 90
65 31
55 13
98 39
83 9
97 94
9 9
58 40
16 69
40 15
79 40
58 58
47 68
15 9
94 84
8 51
46 41
22 42
79 57
34 97
49 37
83 31
87 12
28 64
5 82
74 27
91 96
69 93
84 32
9 31
70 2
8 28
88 55
45 48
9 36
45 88
36 79
99 5
58 6
68 38
39 94
90 2
74 60
89 69
72 13
88 48
23 39
82 69
10 27
98 32
6 30
41 81
28 85
96 29
80 3
7 27
97 50
9 78
56 56
75 45
36 44
38 87
53 37
23 84
62 18
89 52
12 2
75 1
75 42
59 59
69 82
27 21
40 9
48 67
76 37
47 19
41 89
80 26
19 60
100 49
94 94
33 80
85 49
4 98
24 17
66 66
82 63
83 15
32 32
84 84
80 86
69 69
14 95
51 95
65 44
95 33
55 91
33 100
60 21
10 38
13 17
3 11
77 56
85 80
99 59
94 34
54 20
19 38
54 45
2 87
67 42
50 97
15 58
88 88
99 59
82 35
18 68
75 96
80 14
86 64
32 84
27 38
96 42
94 39
82 69
46 35
15 30
4 34
81 81
96 88
28 33
55 72
26 51
54 20
98 50
4 97
74 19
8 80
5 59
42 91
14 51
18 2
53 3
69 35
95 51
89 41
60 38
58 57
11 11
14 3
26 86
84 84
93 52
88 75
51 8
82 41
24 13
82 93
46 5
8 51
6 40
89 35
71 78
41 46
62 27
71 78
98 32
36 71
83 83
35 52
97 84
22 24
99 81
10 47
18 7
11 95
77 96
30 31
51 51
60 21
84 39
41 93
13 75
4 98
62 90
83 78
80 64
46 52
87 70
31 78
61 61
66 16
86 95
3 80
95 49
92 38
31 40
36 65
5 41
32 32
60 7
39 84
38 27
50 50
56 55
3 37
92 38
54 48
59 63
81 81
87 10
94 4
88 1
94 32
46 35
18 74
100 11
94 32
52 82
4 98
81 99
51 76
68 12
91 45
52 35
94 39
9 36
48 1
46 63
84 98
3 14
41 81
56 96
28 33
85 51
25 56
77 91
78 44
97 23
36 6
48 1
14 8
90 21
91 13
30 71
60 2
92 68
46 66
50 97
11 14
97 73
18 74
32 23
59 69
97 4
65 30
14 85
91 77
33 8
85 3
23 84
65 36
3 28
84 39
33 53
82 81
6 44
59 52
90 68
81 59
32 4
73 94
6 65
3 76
63 66
69 63
100 8
50 4
32 73
9 9
75 45
79 36
100 500
67 7
27 98
35 86
99 99
38 20
86 11
43 58
11 81
36 46
32 39
99 74
22 61
5 35
5 25
25 35
83 22
38 4
46 84
77 39
90 29
27 96
93 54
38 93
24 68
97 96
24 68
83 30
19 19
17 78
33 33
47 60
29 52
20 54
61 83
76 47
96 98
78 96
59 78
14 10
77 14
93 19
70 62
98 96
96 18
60 57
75 73
6 39
17 18
70 82
46 70
32 53
48 13
8 8
86 5
94 14
50 48
6 100
43 32
76 65
46 37
89 80
14 53
30 69
21 21
5 81
17 7
35 25
81 75
79 8
19 54
26 77
68 13
86 35
52 42
100 39
70 79
19 54
67 67
95 2
82 41
38 22
24 23
19 20
12 65
55 44
16 48
60 3
73 80
66 10
44 13
29 15
84 37
97 27
57 92
89 89
29 90
2 42
34 35
53 66
4 19
73 75
48 42
18 27
91 36
26 14
9 9
14 51
35 11
21 11
41 31
84 28
64 77
35 11
50 55
74 49
56 29
93 22
22 69
67 96
40 4
31 8
7 7
24 15
19 69
48 48
46 41
48 42
84 88
69 38
30 22
3 49
70 70
47 71
94 39
8 79
69 93
73 35
7 98
61 20
49 92
96 33
67 17
87 57
37 37
75 81
34 21
22 83
1 28
15 2
68 50
88 31
8 31
39 94
10 10
89 21
6 94
84 84
64 64
91 46
21 11
83 93
46 8
35 86
47 12
30 19
99 9
27 97
97 85
5 34
9 92
35 81
73 89
84 41
26 58
27 18
69 4
99 74
18 7
30 69
57 76
6 72
4 22
19 30
83 83
98 97
80 86
82 8
93 54
80 75
63 23
67 78
20 4
39 100
20 30
11 81
70 45
48 55
35 5
88 88
14 51
89 81
81 5
99 74
59 98
100 77
89 25
85 85
59 7
78 67
34 5
34 73
49 47
69 20
41 37
18 85
77 32
1 41
4 19
59 67
66 32
10 94
43 39
41 45
24 13
93 61
77 39
81 86
38 54
90 23
99 57
50 48
87 57
21 73
4 38
80 21
42 90
5 81
73 5
5 86
93 54
75 11
56 44
59 85
35 34
16 16
99 71
83 54
72 51
80 35
29 15
60 3
99 99
96 96
2 42
38 69
54 93
59 33
38 20
22 61
80 25
58 39
33 59
56 56
21 5
5 73
87 71
41 84
12 87
100 77
86 89
83 30
16 29
89 5
8 62
57 74
30 40
87 76
54 83
86 21
73 35
32 77
85 59
62 82
37 70
69 93
52 63
8 79
48 44
62 45
73 86
33 96
18 7
22 40
4 93
70 31
54 93
59 27
85 97
75 75
51 72
46 82
83 83
21 35
100 39
60 65
12 87
67 85
38 40
21 75
79 37
9 87
22 19
11 25
75 35
42 42
86 80
9 92
92 65
29 48
38 61
26 43
58 26
73 86
36 79
54 40
84 79
40 61
27 96
19 61
84 45
26 72
12 65
74 60
57 3
92 87
57 99
5 34
91 46
20 40
23 2
64 51
44 50
36 37
68 42
93 93
29 42
29 42
37 41
7 78
13 44
41 91
51 32
61 38
20 38
98 18
8 1
9 65
6 14
35 73
84 41
20 22
73 80
33 18
30 19
17 17
10 66
89 5
73 11
55 52
48 24
40 30
75 34
80 89
86 35
73 73
46 8
64 32
66 51
3 47
46 31
59 59
79 31
22 83
26 100
87 49
72 66
64 32
20 20
21 75
83 40
33 17
73 5
70 36
81 21
34 5
57 47
27 59
40 93
52 50
98 96
4 22
88 70
3 92
77 14
25 86
5 89
100 94
40 4
63 52
96 85
94 39
32 100
89 80
73 73
2 16
51 51
45 91
54 93
49 9
44 16
89 80
4 22
7 98
4 61
97 98
13 16
42 44
51 66
77 32
23 29
78 97
29 52
81 73
85 7
6 39
10 72
70 8
21 35
26 6
15 52
25 5
4 38
99 9
19 20
11 86
58 94
29 15
20 93
55 44
44 44
89 5
58 72
81 86
1 28
35 11
85 96
73 11
85 85
99 65
88 84
29 52
2 2
93 4
49 9
6 58
32 6
1 41
23 42
19 20
30 30
22 22
89 11
87 74
59 33
85 96
30 93
79 31
26 32
96 17
89 81
17 85
66 53
41 91
33 96
34 86
7 17
44 15
44 15
87 99
49 74
24 90
9 74
95 29
48 24
27 85
78 33
8 70
93 61
98 97
85 7
100 500
25 77
96 45
2 16
88 59
88 77
47 47
41 58
97 87
78 68
93 19
81 96
85 94
46 6
15 89
48 9
67 29
53 50
43 38
92 92
89 39
47 76
98 68
29 96
34 82
1 44
92 1
31 31
39 39
61 61
22 74
40 91
99 49
55 93
32 69
30 30
76 74
62 97
26 40
15 74
74 74
3 31
66 65
4 97
86 86
43 38
96 100
36 46
80 49
83 83
39 27
57 79
92 28
68 78
78 34
96 81
10 43
46 64
59 24
52 52
68 65
64 30
23 3
55 18
95 20
22 20
76 47
29 11
53 48
96 11
16 60
14 73
92 44
3 85
57 32
26 91
88 8
82 65
78 28
20 22
30 51
73 16
29 11
4 15
98 98
72 2
60 14
48 48
55 94
18 12
6 61
34 65
65 34
36 36
98 90
84 60
100 29
86 78
19 35
82 90
91 91
100 11
99 49
29 29
55 19
26 8
96 5
71 38
75 21
20 89
49 69
79 99
15 95
45 11
74 76
13 66
92 86
14 16
81 11
12 31
36 61
11 100
74 62
33 51
85 55
29 81
23 94
48 79
32 7
21 91
52 54
67 11
41 73
16 2
45 83
1 78
74 97
42 76
56 43
88 25
1 44
79 53
67 83
17 25
43 43
85 93
67 5
72 72
16 41
72 60
89 76
2 41
84 41
45 96
2 2
87 95
67 11
43 56
13 44
48 49
88 17
17 40
21 91
46 56
100 45
16 41
42 70
70 42
44 86
80 99
45 5
78 92
73 16
81 45
12 18
65 66
21 8
8 24
87 74
76 42
7 37
59 63
34 44
99 80
12 85
73 58
77 59
91 24
65 78
16 41
64 64
7 99
19 54
87 76
59 77
61 33
16 73
22 15
2 2
69 9
82 13
81 67
41 84
83 81
69 50
64 43
9 69
36 30
18 35
79 32
38 36
85 54
64 43
78 82
88 21
63 59
66 68
4 76
80 53
73 84
98 65
35 55
6 71
9 99
99 50
93 3
100 100
96 96
86 86
56 64
82 66
64 46
24 25
16 41
84 58
49 7
81 11
38 36
13 66
29 29
73 2
53 53
15 15
78 28
100 5
72 14
93 12
66 86
12 55
7 7
65 92
15 74
13 90
75 8
97 39
63 77
83 100
74 47
6 38
74 87
79 50
96 81
5 81
6 61
62 70
34 1
55 85
45 83
88 77
2 73
1 90
45 81
100 45
75 63
14 41
5 11
60 16
53 57
65 1
49 50
77 21
38 56
94 85
80 50
3 23
100 96
80 69
73 2
35 23
85 52
55 52
64 71
77 21
6 56
77 77
70 22
70 39
81 45
15 39
91 75
84 84
83 81
77 77
56 71
4 95
82 65
45 83
14 84
90 13
60 73
11 83
46 51
92 68
73 2
68 78
32 69
18 35
34 13
33 33
24 59
46 30
23 94
38 36
10 36
5 45
61 36
67 100
78 86
35 23
4 70
44 68
62 39
89 22
39 70
13 92
36 71
75 59
58 72
66 1
35 55
7 99
60 73
56 38
43 36
41 60
53 48
99 80
80 49
36 10
97 95
41 84
50 79
25 8
44 66
38 43
10 33
50 69
65 78
12 55
64 51
16 58
68 28
94 94
69 99
81 11
31 18
19 23
59 21
42 22
11 81
93 3
83 29
24 24
73 41
35 18
20 95
86 92
73 72
9 32
83 5
99 99
36 43
99 32
29 96
13 65
84 73
76 97
92 82
41 72
14 2
26 40
69 9
6 46
79 32
43 56
31 93
26 17
71 56
47 47
62 76
15 87
61 64
14 84
99 49
47 74
47 20
73 58
11 5
42 70
68 44
29 83
84 16
2 72
23 55
5 11
27 27
14 2
14 14
58 2
2 14
1 86
23 19
51 6
6 36
26 24
45 29
22 20
72 72
10 61
73 60
87 42
60 16
100 45
59 24
48 53
41 84
84 58
43 30
61 71
73 72
96 100
51 30
53 80
5 100
47 27
79 99
19 93
38 51
16 84
98 98
46 33
12 85
68 90
39 15
18 23
2 84
18 85
82 1
26 26
69 48
61 33
77 26
37 50
32 69
50 9
49 37
18 52
63 24
89 42
6 56
67 29
100 67
87 20
5 11
58 16
15 4
11 45
81 5
36 64
100 83
79 50
60 41
56 33
97 87
47 15
68 98
83 100
93 93
64 10
70 76
7 99
31 85
9 57
14 14
72 14
42 42
46 43
97 95
66 28
66 86
30 43
100 500
31 31
39 47
36 16
54 54
47 39
51 63
59 59
37 27
60 17
55 55
5 40
46 80
34 53
20 34
1 49
41 84
24 83
51 77
69 69
90 89
3 13
89 7
28 79
79 28
87 88
55 42
48 30
37 37
29 33
7 90
30 17
47 47
94 26
5 30
24 86
58 44
54 2
5 47
80 84
43 82
54 62
25 43
29 33
38 98
46 97
51 51
92 9
10 83
42 5
17 48
28 71
49 49
39 42
54 78
65 89
6 46
18 53
37 27
17 39
1 77
87 88
30 60
59 63
62 87
79 28
20 11
28 28
34 10
77 63
67 73
93 26
57 31
42 60
18 96
61 52
32 41
88 88
99 99
32 46
32 97
93 87
80 46
79 79
63 49
28 79
7 89
87 88
89 65
63 77
95 99
65 7
72 96
49 63
95 56
4 52
9 9
48 39
12 62
71 28
58 85
57 3
66 66
14 69
72 53
19 41
80 27
45 74
77 51
8 67
76 57
5 5
79 71
6 84
83 8
84 80
85 29
73 96
66 32
100 29
29 29
44 33
20 86
5 39
59 59
82 74
76 82
17 17
58 64
94 2
88 94
100 9
16 22
67 67
37 46
77 51
92 33
81 52
30 48
37 97
71 79
63 1
87 75
43 13
53 96
97 41
71 7
28 65
9 68
71 7
64 33
65 89
92 64
14 88
69 93
12 75
11 67
32 6
59 51
51 51
44 68
33 85
55 5
99 95
48 60
63 77
58 44
91 31
29 85
40 55
21 96
1 51
98 4
77 59
59 51
67 67
57 13
93 69
34 8
90 28
78 69
22 4
58 9
78 87
39 48
9 33
1 63
24 24
51 51
15 16
5 30
98 22
53 96
44 29
18 67
49 49
35 82
12 62
49 59
73 11
58 44
22 38
37 6
32 97
23 4
70 70
76 35
59 49
35 76
75 87
84 97
95 61
17 47
55 48
29 33
52 56
63 51
25 57
71 71
24 96
46 27
19 66
91 31
18 96
100 33
39 40
9 64
59 49
71 65
28 71
11 83
91 45
87 26
29 29
77 63
2 14
75 78
32 41
6 27
73 11
27 19
59 77
33 85
1 49
9 68
96 96
43 13
43 43
71 7
5 5
91 74
87 26
17 42
63 1
64 100
7 90
78 87
87 62
70 13
79 90
9 68
72 20
16 61
75 88
53 18
48 48
84 66
66 6
59 1
91 35
33 68
45 74
14 69
93 78
60 40
55 60
50 82
90 79
28 28
5 47
90 89
14 78
60 30
63 1
7 65
70 76
56 81
83 11
47 55
63 1
49 63
31 82
7 79
42 60
35 70
5 55
11 18
97 32
89 28
64 64
63 51
99 38
95 23
55 60
99 81
68 58
86 73
84 97
76 25
44 64
5 17
45 3
27 66
41 37
62 14
30 60
43 76
48 30
40 40
8 83
7 90
22 81
36 56
65 90
2 78
60 39
63 59
5 39
85 58
100 44
46 84
52 98
68 64
87 62
97 41
86 11
2 75
17 48
52 56
63 77
4 99
92 9
20 73
15 61
41 46
85 100
96 24
12 93
85 92
27 84
14 78
58 64
69 75
30 30
22 23
55 47
34 10
49 51
61 15
97 66
71 79
37 80
83 86
56 36
49 49
47 40
26 94
90 28
65 90
77 63
10 73
9 92
42 55
13 31
47 17
30 60
4 16
49 77
22 4
21 34
32 41
78 69
62 62
53 86
43 82
57 57
99 38
94 12
47 55
31 45
83 53
1 77
79 28
1 59
98 52
85 9
47 40
10 73
82 25
33 58
61 95
68 33
73 8
11 72
93 26
44 58
97 97
78 54
4 22
83 67
100 100
13 45
33 85
98 99
22 52
39 55
85 33
45 31
40 39
83 34
92 33
83 72
41 84
58 33
20 8
93 93
98 98
14 12
10 73
73 21
99 81
51 77
33 68
40 55
21 34
92 64
64 58
4 23
63 59
80 80
80 27
81 52
51 59
71 90
41 37
70 3
8 83
100 44
86 24
16 61
51 1
22 98
60 39
19 6
17 60
77 77
74 70
36 22
100 100
8 86
88 87
99 4
63 1
38 81
28 71
81 95
82 25
66 6
58 33
72 11
17 55
13 50
30 60
64 85
45 31
46 97
69 69
1 63
79 28
47 48
95 15
22 61
52 16
49 51
60 47
96 86
40 30
61 56
65 79
70 25
92 58
74 82
96 10
43 25
50 31
58 9
77 59
43 91
76 31
74 43
49 51
100 500
74 95
25 16
37 71
98 98
39 97
7 30
83 78
54 40
10 50
41 93
5 21
91 76
100 3
68 77
78 99
80 63
41 70
42 72
68 84
7 66
63 52
92 63
57 99
63 63
1 82
46 76
66 7
72 71
87 21
37 25
66 17
52 90
70 24
34 7
41 62
48 44
86 42
81 14
7 17
42 72
22 54
23 6
93 62
16 86
25 86
67 46
96 96
38 29
1 99
18 54
77 65
75 30
25 71
63 92
39 77
4 54
73 28
28 32
97 39
62 53
84 31
43 8
64 24
76 43
93 33
17 34
32 27
55 45
21 49
19 85
75 75
8 91
82 1
35 58
80 52
92 90
47 88
37 42
32 87
59 31
22 40
88 47
82 99
4 79
23 71
26 61
89 91
5 87
85 56
92 92
48 54
34 7
87 5
60 11
27 73
42 86
64 64
14 91
17 66
89 43
54 48
87 87
98 19
53 41
68 51
15 11
49 32
18 18
27 49
42 23
44 44
52 80
89 89
4 54
14 89
86 16
1 96
92 90
57 82
45 45
66 66
58 85
79 88
71 72
47 48
80 63
95 97
49 73
6 42
73 87
2 51
16 16
56 19
5 5
44 79
28 49
46 91
50 45
11 15
42 37
84 36
82 57
7 17
69 30
47 4
77 68
85 98
82 57
72 72
56 100
11 85
16 6
49 5
94 56
7 34
25 23
74 97
65 68
89 89
85 13
34 7
1 99
21 32
67 76
39 39
80 9
50 70
46 67
35 26
57 1
86 71
5 27
9 90
80 52
17 17
99 96
52 80
28 21
99 78
73 27
46 43
46 76
25 23
27 49
25 86
4 18
51 51
100 85
56 26
61 3
57 82
82 96
45 70
22 54
100 58
83 99
92 9
91 89
65 2
79 88
67 91
64 64
35 60
84 95
85 100
75 30
62 45
49 28
5 32
9 92
18 88
43 14
29 20
92 90
88 88
44 88
36 36
17 34
72 23
59 51
17 34
9 92
71 6
89 43
72 16
34 66
63 92
21 87
6 37
76 43
35 35
78 83
73 87
49 87
67 8
57 96
92 80
73 5
17 69
98 19
80 9
23 6
4 4
87 73
71 16
73 5
60 19
50 70
59 68
72 6
49 28
14 46
32 73
78 78
34 66
57 78
33 33
69 66
6 23
66 30
17 17
28 49
57 96
3 85
57 96
45 29
53 64
100 61
78 82
64 93
1 78
37 72
43 76
79 22
36 77
18 4
81 46
2 65
18 40
92 80
69 75
6 25
43 43
2 95
52 92
58 12
24 70
30 66
66 75
43 8
71 23
60 12
20 41
52 63
80 90
13 85
98 3
1 96
79 47
49 49
19 35
54 44
83 57
87 87
2 36
69 75
34 66
70 29
90 90
34 34
32 32
73 28
91 8
43 8
5 27
98 11
79 88
82 82
39 77
87 32
23 16
65 36
59 74
83 96
5 21
68 65
82 1
69 17
30 34
34 75
14 91
92 80
100 15
10 93
6 6
49 87
89 81
6 71
1 96
96 1
82 96
79 44
69 17
99 78
68 74
63 9
8 81
79 44
68 2
61 56
83 78
64 20
90 80
30 30
10 50
54 54
31 31
31 2
43 89
30 66
7 34
83 1
95 68
62 38
73 73
11 3
45 62
59 2
12 98
34 34
3 26
49 27
98 11
68 77
34 30
83 1
84 84
46 81
91 76
86 72
12 100
91 76
68 36
22 48
99 82
30 17
17 30
32 32
81 91
98 100
90 63
40 88
88 47
33 55
45 53
63 63
18 79
66 34
97 36
64 55
19 94
62 33
48 44
32 87
6 71
77 59
71 72
84 2
32 28
48 44
32 27
43 89
84 51
63 9
82 57
26 15
66 34
28 87
78 96
48 18
41 24
31 31
66 66
21 49
50 10
72 72
4 40
29 41
41 53
46 89
32 87
34 30
31 2
14 67
74 77
22 47
38 24
99 78
74 36
3 11
5 87
89 81
47 18
90 63
83 57
35 58
91 76
7 34
90 80
40 47
37 23
13 98
44 54
90 92
30 75
96 78
12 61
75 30
78 57
6 16
20 20
47 79
18 4
7 75
30 66
61 19
27 49
28 27
48 54
67 67
43 76
90 80
28 73
47 18
67 76
19 15
6 23
96 99
32 32
91 76
17 66
73 21
47 54
91 91
63 92
11 58
79 88
80 52
84 36
82 78
30 34
79 88
46 81
90 52
63 52
78 78
92 90
12 85
75 75
55 55
100 500
42 35
29 51
41 62
18 28
96 92
29 74
90 14
40 31
14 61
30 52
84 56
84 56
88 88
10 92
68 98
32 18
40 40
82 37
95 15
32 4
84 36
20 17
22 59
12 58
58 12
41 41
45 44
4 26
7 75
69 10
32 28
74 29
67 73
85 20
10 33
42 93
1 61
34 99
38 49
82 81
84 71
78 58
28 18
37 93
69 73
53 91
32 43
63 45
51 19
7 50
91 60
67 96
77 6
61 90
18 43
50 63
75 44
8 71
6 88
19 19
32 80
35 35
4 4
50 63
82 35
31 5
85 22
84 56
30 46
81 35
10 10
39 13
31 19
7 75
85 70
11 37
88 88
17 17
51 74
98 91
41 99
63 63
75 50
77 78
29 29
70 22
92 96
82 82
24 24
20 64
87 47
11 27
31 5
62 47
23 57
88 49
73 10
45 50
8 84
82 35
71 100
26 18
71 56
2 20
68 9
77 58
38 12
21 44
79 67
58 38
26 4
68 53
8 36
18 26
47 52
63 44
44 7
12 38
41 41
78 12
83 22
98 9
37 11
52 99
91 9
53 91
68 53
51 29
65 63
54 95
58 49
61 97
11 35
82 27
87 87
11 93
48 62
36 71
61 95
55 29
91 60
100 56
81 11
67 67
46 46
28 43
74 40
100 71
17 70
61 23
27 11
57 95
49 49
67 79
98 60
11 81
99 41
32 4
8 8
13 76
6 88
96 96
15 54
25 25
45 63
19 55
96 73
86 47
73 24
30 86
26 32
1 15
26 4
98 53
76 2
42 27
94 24
55 31
43 28
31 29
91 53
7 7
19 29
84 36
33 10
54 61
19 19
18 80
61 14
48 16
1 57
77 77
87 41
6 78
62 41
80 80
48 3
69 73
11 81
6 58
13 17
39 13
3 46
50 50
91 53
37 81
26 28
56 56
14 23
34 16
88 6
87 41
36 56
74 31
35 93
37 93
13 76
35 35
80 18
86 62
22 20
43 32
7 21
34 86
100 8
60 53
52 16
94 10
62 16
52 16
40 29
93 81
31 51
45 50
84 8
15 89
76 85
44 44
71 8
71 8
92 73
66 3
87 16
25 21
25 63
1 14
56 8
9 91
94 92
99 52
68 9
49 12
25 44
3 34
35 35
80 28
5 40
64 70
24 24
84 36
66 48
49 58
57 97
11 82
58 49
18 4
17 76
96 96
71 8
37 82
39 72
25 63
25 75
58 49
68 68
26 43
57 54
15 1
42 35
43 4
70 85
69 73
17 17
54 15
80 28
16 86
18 80
39 22
25 65
7 21
17 83
6 78
53 53
10 79
88 88
8 71
57 95
41 87
29 51
36 8
50 75
33 10
5 31
45 21
11 82
46 48
22 70
28 18
31 51
9 91
69 96
78 49
55 31
4 28
84 56
25 75
12 12
84 8
69 69
53 53
96 69
28 4
43 4
26 18
8 71
36 8
91 91
20 39
90 14
69 67
82 42
87 46
48 3
44 75
47 41
63 25
19 74
29 29
98 68
10 92
51 55
81 82
53 91
23 97
16 30
68 9
44 75
5 55
56 71
72 20
3 34
3 52
51 19
85 83
64 64
90 15
93 93
82 37
56 100
79 94
1 23
94 67
50 65
1 61
63 45
50 75
8 100
12 38
60 98
16 87
18 80
28 43
92 33
72 83
38 88
48 66
79 69
61 14
26 43
43 32
60 53
14 95
18 32
58 6
55 29
55 40
48 41
55 51
51 31
69 79
53 9
75 50
53 68
41 47
36 56
1 14
81 35
60 91
19 29
8 8
39 64
22 39
76 70
56 84
19 74
57 95
53 9
17 17
74 74
43 32
45 45
75 50
38 49
36 36
49 38
18 18
60 98
40 51
98 68
70 2
92 10
53 91
69 96
55 19
94 92
100 84
60 98
72 83
63 63
24 96
19 29
82 81
26 80
25 44
77 88
47 3
92 10
44 50
39 72
75 45
29 31
6 6
24 96
29 51
85 72
68 91
89 61
92 10
23 90
70 13
11 11
89 90
9 60
53 91
5 40
21 21
19 51
1 1
82 42
79 96
79 67
60 60
15 23
51 29
96 69
29 74
11 11
87 48
53 91
1 95
38 6
1 23
65 65
8 36
29 74
4 26
10 73
36 84
51 19
4 80
60 53
68 68
58 12
32 28
88 77
24 79
11 27
80 4
54 57
58 12
73 67
19 29
85 20
44 7
76 83
26 43
80 32
73 69
52 48
95 54
100 500
64 93
60 44
88 14
92 61
26 25
29 23
21 57
58 69
76 76
80 19
2 50
38 91
36 73
47 41
87 10
73 9
71 65
90 90
99 50
38 48
82 13
4 82
96 77
6 42
69 33
66 78
18 6
18 42
98 22
86 39
70 99
88 14
34 49
26 99
10 10
43 3
17 41
42 18
6 83
23 29
69 7
6 6
61 89
2 2
85 85
96 77
89 16
91 38
6 6
84 39
51 57
47 17
49 4
86 52
43 77
40 24
90 53
39 52
23 29
48 91
88 46
86 39
87 87
10 78
35 40
25 26
3 72
38 48
37 39
70 70
5 86
65 65
65 65
8 65
73 21
76 92
77 77
25 25
54 33
67 49
64 65
8 93
73 36
15 6
97 66
21 57
69 58
5 39
59 36
97 56
2 50
80 11
57 51
71 93
13 4
97 44
67 4
5 37
58 7
58 75
15 42
8 68
100 59
45 85
2 70
88 14
35 67
6 83
75 20
37 37
49 13
92 62
63 9
68 68
14 91
31 61
85 80
85 80
3 72
69 58
46 46
43 98
87 44
81 62
2 99
6 15
9 100
17 17
67 24
43 43
93 65
88 38
40 49
65 93
3 96
42 42
77 22
5 37
46 14
74 65
73 63
32 32
88 91
36 63
77 22
94 70
46 12
38 12
14 91
37 86
26 99
53 90
95 31
28 93
27 35
96 22
99 26
2 70
18 83
28 93
13 27
91 14
7 54
46 91
65 68
84 39
17 11
37 39
91 46
28 93
83 83
38 12
99 23
86 39
20 58
5 37
74 93
23 23
37 37
21 63
100 51
89 1
85 11
7 90
96 77
58 75
61 16
7 75
56 87
68 93
20 30
92 16
22 96
65 71
50 2
25 25
86 86
91 46
100 9
13 13
44 10
74 28
88 46
11 85
17 45
28 93
72 3
91 46
30 69
93 64
23 70
58 69
6 83
85 80
42 83
62 79
89 1
45 85
96 77
47 41
28 28
67 4
49 27
53 33
22 72
66 60
22 98
96 98
31 79
14 38
28 28
30 75
74 8
5 84
67 35
42 18
93 74
84 84
47 80
5 86
74 71
49 40
98 72
2 2
28 68
71 93
96 98
43 22
40 27
43 43
39 86
98 43
63 59
96 43
52 52
37 37
17 11
36 73
61 31
21 57
99 26
42 6
69 69
19 85
18 42
100 57
98 98
98 98
79 1
85 41
27 4
53 69
19 11
29 26
6 42
86 84
81 92
63 59
81 61
15 18
52 39
52 5
17 17
18 18
100 9
96 77
65 64
37 37
21 21
90 7
44 44
99 26
43 98
21 59
12 12
91 12
86 84
89 92
8 64
65 74
49 49
89 76
36 59
46 12
58 58
88 38
29 25
6 6
56 66
39 37
98 77
23 2
34 67
22 77
39 39
100 9
16 76
28 65
29 94
81 92
56 78
63 36
14 12
50 23
65 28
64 65
70 70
65 74
71 28
58 69
33 30
66 66
46 48
16 81
19 41
47 80
26 2
14 48
27 13
51 63
69 69
16 79
72 43
43 96
61 81
24 24
94 2
40 27
26 99
60 60
69 90
30 7
86 52
100 21
51 36
7 75
88 48
7 7
72 98
67 49
43 96
58 7
70 2
100 73
83 15
64 28
61 81
55 24
31 62
62 92
26 25
42 42
74 64
32 60
97 32
14 38
19 45
3 22
42 15
53 7
91 91
51 9
20 69
57 73
21 57
69 7
7 20
57 100
26 70
99 23
5 84
38 38
2 26
70 29
39 39
70 70
6 15
40 55
18 18
93 74
52 86
7 90
7 7
31 1
36 9
42 18
4 4
60 78
91 38
32 87
11 45
50 2
54 54
99 25
59 36
90 30
17 17
29 2
21 57
96 3
83 18
98 43
66 10
81 16
36 36
15 18
91 88
21 51
64 93
87 60
71 64
29 70
56 10
63 59
56 60
21 73
62 81
84 52
86 52
47 47
9 73
14 48
56 66
49 67
43 43
28 8
36 73
94 23
42 6
96 3
82 27
94 70
25 99
20 53
91 88
15 15
46 48
46 91
6 15
33 69
53 33
70 99
29 26
33 33
37 5
53 20
40 35
79 16
39 86
80 80
94 99
71 64
12 14
99 99
11 11
2 70
83 18
9 36
83 83
76 61
50 50
46 46
10 10
91 38
5 52
41 41
28 74
79 95
66 78
2 25
48 48
5 84
69 30
38 12
15 18
66 44
86 39
83 18
56 32
50 50
100 500
19 67
63 26
73 24
46 91
63 12
91 46
93 93
33 58
3 3
46 13
32 44
96 50
93 98
55 7
2 43
78 7
54 21
48 80
88 7
70 4
39 2
45 11
73 85
96 53
96 96
21 54
31 64
49 2
22 59
18 73
46 91
6 21
43 39
12 61
72 72
56 5
55 88
45 14
18 89
31 22
100 10
11 72
88 55
28 53
13 91
76 4
39 81
47 91
49 49
62 62
7 88
22 22
96 28
43 92
53 96
85 70
49 92
95 66
100 10
33 33
45 77
45 77
96 74
100 100
50 28
95 66
16 16
20 74
29 60
64 64
7 83
72 77
54 6
49 92
42 95
29 60
49 49
21 6
70 24
38 78
23 77
43 15
15 49
10 100
25 63
48 80
14 77
10 100
26 25
19 56
22 31
3 50
85 70
26 12
28 96
31 31
83 7
69 54
85 24
46 13
19 87
46 46
40 67
51 94
11 45
29 60
93 71
46 46
11 44
25 61
29 10
66 42
47 47
31 31
7 38
70 24
91 13
80 25
82 27
78 78
22 22
62 93
91 91
69 6
23 72
100 29
85 70
39 81
92 92
59 41
38 58
83 58
53 17
100 10
41 59
91 47
45 32
74 57
36 97
13 46
64 22
68 49
23 44
7 7
70 4
95 97
74 96
27 71
32 45
47 91
95 9
40 35
77 14
23 45
59 31
94 56
87 87
82 98
41 64
3 57
43 15
57 96
17 17
12 48
55 7
70 24
73 18
50 20
55 78
70 85
70 4
91 46
76 73
73 73
32 11
32 77
66 34
27 93
100 29
89 24
22 1
65 87
30 30
87 56
76 85
78 58
8 8
60 60
62 93
6 69
68 81
27 93
47 47
51 56
79 94
21 69
81 43
27 62
76 24
87 99
35 84
82 71
37 71
92 39
55 55
88 33
13 91
29 60
9 34
26 26
43 81
63 26
62 82
36 36
23 45
55 78
71 93
48 12
31 22
36 95
14 77
99 40
26 25
10 29
81 16
68 49
2 68
100 10
7 52
4 18
99 56
91 13
22 1
18 85
69 21
91 13
87 99
41 22
16 81
49 2
97 36
73 4
41 22
66 36
80 61
76 85
21 54
10 10
40 84
47 91
34 95
5 5
88 38
93 93
91 47
21 54
12 48
59 64
54 54
63 26
6 21
7 52
34 66
52 88
17 20
69 54
10 60
6 54
18 76
54 69
10 10
72 44
40 19
97 36
52 33
63 61
1 22
2 39
21 6
48 80
72 72
6 6
41 64
81 43
55 52
8 8
100 10
7 83
59 59
96 28
17 17
33 7
70 73
81 16
16 81
48 80
2 92
36 90
52 55
15 92
72 77
63 12
57 74
37 62
12 61
60 10
58 7
21 54
13 46
53 17
95 95
96 50
3 96
6 54
96 17
95 90
29 60
84 84
69 54
47 46
60 29
34 95
95 34
42 90
80 61
11 44
13 91
52 38
99 75
14 32
91 46
12 12
51 99
92 92
91 91
51 5
68 43
60 100
100 10
28 28
52 78
96 3
51 35
14 77
66 42
16 68
47 91
4 73
90 97
92 16
55 7
83 78
69 54
12 80
96 74
63 63
9 90
31 1
90 36
1 31
42 34
69 69
84 75
10 29
20 17
78 38
73 85
11 32
100 29
6 54
43 68
91 91
96 17
87 19
56 86
81 92
65 65
23 23
46 13
8 37
24 18
87 94
89 18
22 22
64 59
89 24
25 25
7 55
25 12
57 50
26 48
53 57
88 78
26 80
53 28
24 18
2 49
96 53
13 13
97 36
74 20
54 69
3 20
49 68
46 91
74 17
91 13
61 26
63 61
40 79
89 4
62 62
97 34
44 14
30 27
16 39
1 64
95 90
10 29
72 23
82 37
30 98
12 25
38 58
100 60
13 91
43 39
70 18
54 21
57 50
46 13
10 100
30 93
91 91
33 78
61 25
84 67
86 35
98 37
93 71
13 46
46 46
46 13
52 58
32 11
34 36
88 33
23 11
72 77
30 30
48 48
38 38
9 66
100 60
71 93
98 93
48 48
15 92
48 63
14 45
46 91
10 100
62 93
50 20
91 13
100 100
53 53
92 2
13 46
60 10
21 21
54 21
97 9
18 89
82 37
28 20
19 5
49 68
81 92
3 50
35 5
31 1
8 98
10 29
95 90
20 50
48 80
100 10
100 60
10 60
74 96
9 9
27 8
26 12
95 34
29 29
78 33
4 89
21 21
47 47
100 500
72 26
8 83
49 82
43 51
81 64
77 98
6 23
42 78
40 86
33 33
10 42
42 78
26 72
69 33
63 97
2 30
61 57
9 56
96 96
45 86
33 98
41 65
44 60
7 60
58 51
61 57
44 73
19 72
8 86
46 3
26 53
67 11
22 75
54 99
70 73
71 21
40 45
91 31
10 10
60 49
84 94
45 83
68 50
66 76
55 89
62 36
15 15
69 77
74 94
58 75
54 46
51 34
88 14
93 24
21 83
100 100
98 69
98 77
28 64
33 77
35 95
9 37
87 18
48 7
53 72
67 29
11 50
90 17
26 5
65 28
30 17
64 6
24 4
44 85
74 66
13 98
33 77
98 98
71 21
100 54
77 69
54 100
63 20
96 96
97 92
23 81
83 45
13 13
39 42
77 13
12 43
33 77
31 91
54 46
33 33
52 56
85 7
61 91
5 72
91 47
14 47
97 20
12 58
63 20
74 94
44 85
78 10
22 58
50 68
2 90
27 43
80 56
55 100
30 30
18 20
32 47
86 40
5 26
3 99
7 60
50 11
93 74
99 89
60 44
41 64
8 8
86 8
25 80
89 54
20 18
18 20
53 19
64 6
95 95
45 45
65 65
75 43
99 99
26 19
56 25
2 30
56 37
39 10
29 50
40 45
31 57
30 90
49 7
81 41
54 99
21 21
21 21
24 76
30 17
56 37
98 33
40 83
100 89
31 61
11 50
32 32
61 88
23 81
32 88
73 85
62 94
31 31
98 98
90 2
10 39
10 38
95 27
34 35
84 76
56 80
40 71
32 32
96 90
78 42
23 6
98 13
31 14
54 89
24 62
33 69
72 5
66 76
97 1
84 62
16 76
78 42
90 96
44 60
94 76
94 16
91 91
6 23
95 35
63 18
88 88
55 54
100 99
79 79
48 44
40 45
67 68
38 10
21 8
57 32
87 97
65 81
8 45
42 10
24 36
2 2
40 40
43 75
98 77
9 15
9 56
37 52
100 55
91 57
30 90
24 4
59 92
17 30
16 24
15 25
85 70
10 78
17 96
51 58
68 50
11 29
15 25
8 86
29 67
25 25
6 65
38 10
40 45
81 64
2 96
57 14
5 26
96 96
15 9
73 73
33 98
47 31
28 23
17 96
21 71
99 100
19 19
32 57
94 74
68 67
63 63
72 5
68 67
97 1
42 42
67 29
3 46
32 91
91 32
50 68
13 77
19 72
44 44
58 58
98 13
22 27
55 55
71 86
55 100
33 98
30 2
77 69
35 27
2 30
21 8
73 49
58 34
91 88
7 82
11 29
99 99
79 6
26 19
86 45
69 98
44 82
68 29
63 1
40 8
40 71
5 72
33 13
94 66
25 56
100 55
57 57
48 60
26 19
50 11
26 53
35 58
83 21
5 53
53 26
13 33
34 34
82 49
42 42
19 72
80 56
48 48
9 25
93 84
70 73
100 89
46 54
52 52
69 77
90 96
53 72
11 50
22 22
90 96
23 64
48 82
33 98
12 75
26 53
97 20
56 15
78 42
66 16
77 13
10 38
44 7
14 14
81 6
75 51
31 14
54 3
41 28
5 53
90 17
1 20
55 55
92 63
13 98
86 40
56 37
26 53
83 71
82 48
39 38
88 47
26 5
17 2
6 65
77 69
45 71
83 71
68 50
86 21
46 89
28 41
6 41
33 33
56 56
21 71
32 61
86 8
13 33
38 38
21 8
9 9
90 96
26 72
26 53
38 38
7 7
3 54
5 5
26 26
97 1
78 38
22 22
58 75
42 10
33 33
16 62
61 31
8 71
6 6
53 26
69 13
42 39
12 75
92 59
78 39
33 33
20 97
72 26
31 47
36 74
52 9
35 43
61 61
59 92
38 10
40 8
68 11
20 59
90 90
8 86
89 89
15 80
47 47
98 98
15 9
40 86
42 10
78 42
7 85
76 74
91 14
42 10
20 87
90 2
20 63
5 19
100 89
9 56
36 66
61 14
63 97
32 61
33 33
10 39
58 95
40 40
53 53
21 40
54 54
35 12
69 13
55 54
8 71
66 74
29 50
64 41
43 22
65 6
40 83
10 39
58 27
8 8
47 47
11 68
46 54
72 26
5 26
28 41
10 38
5 5
50 29
28 41
30 30
27 27
38 42
39 78
24 4
64 81
50 29
17 96
87 87
44 82
90 17
71 8
28 64
52 25
77 33
45 83
69 77
19 5
63 18
29 50
62 94
69 13
16 94
18 97
70 60
60 44
100 500
80 14
57 65
15 48
60 40
93 37
11 85
96 45
43 43
97 21
58 91
87 87
43 42
30 20
98 8
3 61
52 83
94 5
81 22
64 9
6 62
27 5
43 43
18 18
27 5
36 25
52 83
66 63
15 53
27 5
6 84
8 29
41 46
55 55
48 48
34 34
9 64
63 81
97 15
29 55
86 47
81 63
94 5
98 98
81 49
5 27
60 40
37 47
8 71
13 58
84 76
34 34
14 80
47 32
22 46
94 27
22 81
38 48
71 8
28 55
89 53
83 83
32 86
25 58
34 80
30 64
59 92
42 43
94 5
2 2
44 44
71 71
35 88
9 30
50 72
4 49
94 94
56 1
27 73
70 90
73 94
52 85
17 90
77 1
70 26
84 76
31 39
43 43
93 93
99 67
71 71
8 55
79 17
36 58
34 34
76 88
64 65
86 44
7 92
41 46
98 71
40 40
74 83
84 88
62 76
46 22
4 41
72 100
38 38
35 76
31 3
38 97
59 19
6 76
96 78
53 21
56 1
51 45
81 22
51 12
20 57
64 64
7 92
81 46
34 14
17 18
43 92
15 21
97 48
81 81
80 14
22 46
64 9
26 33
53 48
89 97
13 91
39 87
19 92
80 14
4 46
88 62
30 20
35 6
32 32
89 97
58 58
27 68
66 41
68 27
94 68
6 88
67 51
79 17
87 50
95 78
34 34
85 52
100 69
99 78
77 1
20 57
22 41
14 80
13 58
44 44
34 14
52 74
7 7
26 33
96 51
10 37
25 13
20 65
14 34
58 13
98 28
46 4
35 84
15 97
71 55
84 62
82 77
96 12
30 20
46 49
16 2
7 42
59 42
59 19
50 39
25 58
68 94
55 98
9 20
98 29
56 82
56 82
53 48
83 60
81 41
98 55
96 51
41 4
77 1
47 32
25 13
52 60
56 77
92 43
82 56
53 97
4 22
97 97
70 70
100 69
50 50
44 93
98 29
77 56
66 49
7 43
27 94
19 7
37 93
52 83
44 37
2 16
34 34
8 8
18 75
86 93
88 84
17 70
88 84
33 18
66 4
34 34
83 83
99 67
86 86
36 13
37 44
28 55
56 82
79 17
78 67
93 10
98 71
89 21
30 9
14 14
25 36
34 14
5 68
27 68
36 58
34 80
6 6
78 54
71 98
31 100
3 100
80 14
8 71
58 58
98 55
15 48
81 81
13 58
46 41
58 91
56 77
4 22
85 74
23 23
13 91
21 15
1 82
70 17
72 69
45 96
82 56
14 80
30 57
80 34
29 55
41 63
97 48
30 9
66 63
61 72
92 92
32 37
67 78
11 83
82 82
41 66
81 66
22 41
46 41
72 3
58 36
91 36
52 40
92 92
21 89
95 99
19 43
4 66
80 34
65 9
37 93
64 30
17 33
82 1
70 90
14 80
64 30
75 33
20 57
66 63
7 19
25 58
57 9
30 9
51 45
57 57
92 19
77 56
6 76
86 93
28 98
66 46
49 81
47 32
18 90
97 38
20 30
5 73
92 92
34 34
59 7
27 94
77 77
94 94
32 44
74 40
86 86
85 60
38 15
53 15
99 96
7 59
94 94
65 9
73 5
70 70
20 30
63 46
49 22
41 22
40 85
76 88
73 73
26 17
50 39
3 61
35 76
55 71
66 66
84 35
14 34
100 100
11 85
37 10
73 27
80 80
7 42
80 80
29 55
82 56
34 34
77 77
80 34
6 84
43 19
20 57
94 68
75 90
12 54
77 1
63 81
4 4
6 62
68 27
3 23
96 51
12 67
86 37
88 76
36 13
69 61
97 38
9 57
68 73
2 70
94 94
40 74
73 68
14 14
84 6
20 9
77 56
38 38
13 25
40 60
41 41
34 80
86 93
65 65
34 34
53 89
83 83
57 57
63 81
25 36
58 58
44 86
97 53
36 25
8 28
5 68
31 24
4 63
71 28
46 63
55 8
93 86
28 28
59 7
97 15
26 33
1 77
33 26
22 41
47 10
69 39
7 92
66 22
82 77
88 76
21 53
14 14
77 56
13 13
56 56
30 65
76 76
76 88
42 59
33 75
59 19
56 56
43 59
83 40
54 45
44 10
88 84
82 1
49 41
62 88
42 7
12 51
36 36
80 80
70 17
58 91
37 10
89 97
77 82
58 58
38 53
88 6
96 78
43 42
80 14
49 49
16 26
40 11
78 95
13 58
99 78
22 46
52 52
29 28
65 9
57 9
27 27
35 35
64 20
100 500
20 80
89 89
31 54
65 73
50 25
51 39
95 68
8 32
10 47
75 60
2 87
92 16
23 20
5 20
87 87
50 69
61 51
17 79
6 93
21 21
9 30
18 67
54 10
91 53
87 2
49 45
9 51
24 33
45 45
36 60
26 76
22 22
41 63
88 47
26 76
30 61
87 2
30 39
44 81
38 16
88 10
29 29
23 78
17 65
49 40
87 87
49 24
63 53
30 61
88 88
72 83
46 24
10 10
87 87
69 57
54 10
6 19
6 18
42 42
76 26
32 42
36 36
50 57
72 94
82 18
37 37
38 21
87 87
47 31
83 7
37 12
60 62
74 20
13 64
39 9
52 82
43 57
5 98
15 15
8 42
23 5
49 45
62 99
23 78
60 99
95 71
38 92
72 56
7 94
19 18
66 66
99 59
36 59
51 51
2 87
30 51
37 86
9 61
58 3
8 42
5 5
73 65
9 39
45 49
7 70
8 29
62 99
2 87
36 36
2 87
42 42
23 23
79 79
13 64
45 33
63 91
6 67
32 29
90 85
2 2
1 45
17 58
58 65
29 8
22 22
16 21
12 68
30 9
16 21
2 2
41 91
32 29
86 12
43 15
45 40
56 90
55 92
40 33
29 29
28 35
24 1
29 32
9 61
22 48
64 76
53 91
39 39
42 29
29 32
22 22
21 38
38 38
7 72
97 15
7 56
47 84
2 87
71 95
49 33
63 66
58 79
39 51
40 45
68 68
14 35
83 7
73 58
29 8
94 85
92 55
38 21
3 73
4 99
96 96
82 6
1 45
59 4
17 34
59 36
25 43
97 50
63 63
99 36
8 8
64 64
80 20
77 38
95 95
30 61
60 59
2 2
22 35
42 8
12 95
25 69
36 59
68 37
8 29
4 59
46 45
51 61
29 32
45 49
68 68
68 37
96 13
32 29
86 37
23 74
80 80
18 93
48 14
28 48
69 69
52 18
88 84
44 26
73 79
38 16
29 32
9 39
97 57
82 52
31 88
14 28
89 92
3 34
41 11
17 58
66 41
99 62
79 58
82 18
22 48
20 74
15 43
23 5
66 41
62 60
8 8
8 29
62 75
38 55
100 52
8 29
79 65
87 2
10 84
21 89
9 61
75 75
91 41
50 57
51 39
9 51
74 98
45 33
37 86
41 53
8 42
65 58
29 42
37 12
49 33
45 49
95 95
49 46
77 89
64 76
32 8
42 29
6 19
29 32
87 87
32 29
51 61
46 49
2 87
33 1
66 63
29 8
72 56
72 56
89 38
13 13
26 64
29 32
17 17
35 14
87 87
7 7
41 66
40 49
43 57
63 91
20 78
38 55
93 67
43 50
23 23
68 95
20 20
91 11
48 48
20 80
13 64
15 97
31 47
77 89
29 42
95 95
71 71
19 82
44 64
2 2
97 57
31 31
11 41
83 7
89 55
71 12
9 39
90 94
4 59
31 10
51 9
12 37
73 58
17 3
10 47
11 53
55 89
30 39
53 66
47 84
37 86
99 60
87 2
64 13
29 8
38 55
12 86
69 69
87 2
75 60
16 21
10 84
72 72
86 71
32 42
17 17
57 97
7 7
76 44
70 72
30 51
98 23
24 33
63 63
81 13
52 67
16 16
43 43
28 14
61 61
87 87
27 6
26 64
2 87
80 74
43 50
88 31
85 90
17 58
52 67
13 76
16 77
67 67
39 39
51 39
55 16
15 57
24 33
63 53
75 4
75 75
6 19
79 3
2 87
69 97
32 32
40 46
41 91
55 77
28 28
5 98
43 15
46 40
35 48
56 83
10 31
32 32
16 92
40 40
44 26
74 98
17 58
85 90
91 66
43 15
7 7
75 36
16 21
56 56
70 72
51 61
79 34
80 80
8 29
40 40
18 18
36 75
55 21
11 91
68 68
1 40
93 6
29 32
67 93
87 2
70 85
53 63
43 25
50 50
49 46
54 10
73 58
18 82
39 39
48 35
39 30
47 54
23 98
15 97
79 58
13 26
23 20
26 13
22 14
39 30
87 2
44 81
37 71
13 76
35 14
67 100
74 80
15 97
12 71
14 22
87 87
54 84
29 8
34 73
100 93
39 9
89 38
26 96
70 90
77 89
71 37
4 36
53 63
87 87
53 11
49 24
13 64
87 87
2 87
25 97
68 71
29 42
92 92
89 21
96 96
95 68
60 36
31 84
34 79
17 34
87 87
64 26
61 51
60 36
42 8
79 65
70 85
73 34
67 18
93 19
100 500
65 65
53 84
17 98
9 32
69 96
95 53
97 80
57 57
29 59
90 20
14 38
35 35
72 18
25 47
3 34
41 10
59 29
89 89
45 73
22 30
76 76
34 34
41 81
9 32
18 73
80 92
61 8
17 17
81 41
100 28
94 87
23 80
42 9
57 9
21 55
25 25
9 32
81 41
65 65
34 3
56 56
57 9
75 88
65 68
73 74
78 51
100 44
34 3
87 94
51 83
75 12
7 59
98 91
4 4
58 36
31 8
56 75
78 1
3 34
17 17
99 78
26 82
75 12
88 88
88 12
34 34
89 58
29 7
37 12
79 47
34 3
21 55
31 8
21 67
1 96
61 66
36 58
100 70
75 75
60 73
88 75
35 22
68 65
61 66
52 45
8 31
95 43
51 1
74 52
36 36
90 90
34 34
60 72
93 55
53 53
46 40
33 33
2 25
81 41
56 88
41 10
3 34
87 90
79 25
54 8
1 1
3 3
42 32
96 99
76 41
76 10
34 34
81 10
79 25
79 25
3 34
58 6
96 83
78 69
50 50
79 2
45 74
32 42
3 34
12 12
91 17
36 58
98 50
49 79
3 3
80 23
56 56
10 76
54 31
13 20
41 33
55 21
3 3
39 5
39 22
8 8
95 95
29 53
37 75
4 40
56 56
90 90
53 77
97 23
98 17
6 36
92 97
90 13
1 83
69 51
25 25
4 40
25 47
18 52
29 29
40 46
17 17
4 46
80 80
41 76
66 31
69 1
3 34
22 68
14 62
64 24
92 11
71 71
89 58
7 77
18 72
19 27
67 93
100 44
36 36
9 32
69 51
34 3
30 5
79 79
37 88
41 10
40 82
76 10
75 56
38 62
62 62
56 37
98 17
90 90
31 8
49 47
37 56
24 80
56 56
83 69
85 17
59 43
17 17
74 73
3 34
69 69
78 69
89 6
58 6
17 85
9 57
45 15
10 81
62 38
4 40
19 97
62 62
23 92
98 50
50 17
4 26
65 30
2 25
45 72
17 91
66 66
34 34
53 29
59 29
54 31
13 90
6 89
37 12
49 49
76 33
43 95
94 13
68 30
62 38
96 51
99 78
26 4
81 41
50 91
46 46
37 37
92 27
76 81
89 36
90 13
52 45
78 99
84 95
2 25
35 65
26 63
78 51
22 68
94 94
54 8
56 75
46 40
86 44
89 36
51 1
3 34
34 3
68 68
58 36
80 64
6 89
58 89
73 60
39 5
53 29
84 95
62 14
5 39
4 46
87 87
59 59
61 54
69 99
96 83
40 4
17 50
3 3
94 20
34 3
47 79
38 38
84 7
72 45
10 33
98 17
85 98
89 6
92 97
97 11
30 35
56 12
98 17
31 54
87 94
64 64
4 40
69 78
79 49
40 82
9 57
49 49
58 36
81 10
4 46
9 9
35 35
32 32
62 38
5 5
81 76
28 55
20 20
90 13
60 52
87 87
5 30
1 78
27 92
59 59
57 9
99 83
72 74
17 85
68 30
78 69
85 85
11 24
72 45
92 92
47 47
22 68
77 59
81 41
40 46
87 13
6 36
52 18
32 32
54 8
40 26
61 61
35 22
70 93
23 11
45 60
41 81
46 40
100 67
93 16
26 40
13 20
59 95
13 94
23 19
76 76
12 56
3 3
2 79
34 34
7 29
69 69
82 46
65 35
43 77
3 3
52 52
34 34
39 65
36 89
42 57
67 100
87 20
56 75
35 5
81 10
10 76
85 85
73 52
9 57
62 14
28 86
76 33
28 67
10 81
78 1
56 88
73 18
1 99
34 3
43 95
65 5
34 34
64 23
15 15
28 21
74 52
10 10
20 20
62 38
82 4
56 37
96 96
14 14
42 9
36 89
71 16
29 53
96 99
80 64
64 11
78 69
95 77
14 38
89 6
78 51
55 44
62 14
91 50
62 38
42 9
60 45
76 81
21 28
17 98
3 34
62 14
95 7
41 33
42 9
35 68
30 68
22 35
80 64
16 100
57 57
75 37
93 71
76 41
83 99
57 42
98 98
91 85
9 42
66 61
86 48
42 42
47 49
43 29
36 6
4 4
71 21
75 56
30 5
38 38
35 22
80 11
77 7
19 27
14 62
22 39
75 37
99 51
70 67
76 10
10 41
67 48
32 9
50 85
2 79
24 24
82 26
67 70
15 52
20 13
2 49
75 56
90 13
3 34
47 25
98 91
75 37
89 89
53 59
61 31
84 59
96 1
34 3
50 50
94 87
100 500
15 80
26 51
41 17
5 51
49 44
53 59
5 22
3 64
82 50
63 94
88 40
97 6
60 30
28 49
22 51
31 9
74 96
33 35
54 64
95 38
39 39
95 56
81 81
30 12
90 20
67 59
63 7
43 44
9 29
24 76
7 63
52 18
85 90
4 33
9 9
40 88
19 19
60 12
22 51
91 55
46 46
35 32
57 1
89 89
94 7
75 37
52 81
7 63
83 83
26 51
63 63
54 64
3 83
66 66
83 64
75 45
98 98
25 94
3 83
3 54
22 22
89 38
43 61
10 86
66 78
31 29
67 62
14 55
72 36
56 95
10 10
61 49
40 88
95 87
5 5
87 71
3 64
55 14
78 23
77 48
31 9
19 59
33 50
76 100
96 6
99 99
29 9
72 80
41 99
86 10
21 21
53 53
54 83
84 58
60 30
10 86
67 62
55 14
49 61
59 19
60 30
17 99
22 5
39 10
32 98
83 64
37 75
86 86
60 30
93 42
94 34
9 31
31 9
29 29
83 83
38 87
26 51
32 33
3 54
86 86
25 25
8 77
25 34
64 83
71 89
22 22
79 65
15 80
38 71
39 86
26 26
86 10
18 18
35 82
88 57
1 79
35 68
75 45
39 86
44 44
30 12
88 1
98 4
39 39
29 9
33 32
32 33
12 12
63 7
55 14
23 78
80 15
39 86
83 54
88 65
51 22
55 91
40 79
51 26
60 12
88 88
33 68
70 85
49 43
1 40
66 52
62 62
97 74
67 67
50 32
11 95
31 9
15 80
66 18
72 72
15 36
87 11
54 3
91 14
83 64
93 91
6 96
39 10
72 72
42 93
59 19
48 24
38 11
41 99
97 97
6 97
41 17
52 78
44 28
88 79
48 47
96 21
76 77
29 29
18 66
54 83
31 29
22 22
59 53
6 74
31 9
3 64
46 24
5 5
39 39
54 54
84 73
31 29
31 31
53 53
18 78
39 10
29 9
32 4
27 25
56 56
92 20
90 58
55 55
41 99
67 67
19 19
69 90
10 86
41 17
54 83
59 62
17 41
9 29
44 61
86 86
94 94
22 51
41 41
40 40
29 29
56 71
65 1
75 37
29 31
1 65
89 95
51 22
48 46
49 28
64 3
31 9
79 57
86 86
33 32
51 26
26 26
49 49
40 79
99 17
55 91
19 16
67 62
79 1
35 33
36 80
4 98
76 48
53 59
69 2
23 81
12 12
95 38
73 85
60 60
11 56
99 41
89 71
72 72
31 9
57 79
39 10
23 66
77 46
82 98
80 72
60 30
50 4
55 93
54 3
60 60
6 74
16 19
46 8
60 12
16 67
99 41
67 59
21 97
16 67
30 60
23 78
63 63
16 62
22 22
82 68
45 97
18 23
16 59
59 16
7 63
14 91
87 56
28 43
57 79
36 72
30 12
15 36
27 63
35 4
12 30
34 94
27 7
61 13
70 73
39 86
6 97
72 15
40 79
72 72
61 43
6 75
32 35
12 30
64 3
4 98
19 16
73 58
72 15
26 51
71 11
30 12
51 51
77 24
93 42
5 5
41 17
31 29
83 3
81 81
58 92
91 91
83 83
88 57
3 3
8 46
41 41
7 34
76 47
31 31
1 79
93 42
81 52
66 78
65 57
94 25
27 94
22 5
50 32
67 16
18 66
4 68
36 15
93 14
88 79
29 29
22 22
41 99
98 33
85 69
41 99
41 41
70 58
31 9
69 20
74 97
80 72
81 18
17 17
41 41
59 16
13 44
91 93
27 7
17 17
95 56
56 89
76 76
14 55
53 19
56 71
82 68
6 75
12 30
33 68
43 13
31 31
44 28
30 60
87 38
44 13
30 60
25 25
75 45
87 11
27 25
53 16
28 43
62 62
62 67
95 38
17 41
46 76
51 51
9 31
99 17
20 90
77 8
9 29
72 36
82 68
49 61
6 6
55 55
43 61
11 87
53 53
91 42
52 18
22 5
100 24
29 29
54 3
30 30
35 82
52 18
15 15
24 8
32 35
39 10
53 67
54 83
6 74
30 30
40 40
70 69
82 4
90 70
55 93
36 72
58 2
56 56
30 30
83 64
60 12
100 100
52 18
84 69
15 36
21 96
89 95
44 13
36 80
30 60
80 72
60 60
19 62
36 15
93 55
12 30
48 46
48 24
29 31
16 59
48 48
76 8
31 9
41 41
15 36
19 62
51 22
9 29
42 91
9 9
16 59
85 92
92 73
16 19
63 7
51 51
100 500
32 14
35 31
15 15
80 72
52 33
100 53
100 29
1 75
27 42
1 49
1 75
59 9
96 33
38 38
92 92
72 20
31 35
55 80
79 79
64 64
40 56
43 32
27 51
66 65
11 67
76 69
31 12
96 13
8 71
79 79
93 24
87 87
97 81
18 42
4 80
92 92
25 22
20 72
17 82
24 37
8 8
57 95
93 15
25 73
66 10
86 26
57 57
67 57
35 12
87 3
38 71
13 33
56 39
66 60
56 16
57 57
100 77
3 62
30 30
7 7
97 63
16 16
58 92
32 43
43 92
93 15
29 46
33 13
22 21
10 60
72 72
15 24
45 46
35 35
1 75
35 12
81 97
42 51
87 3
85 89
8 38
32 32
8 8
14 14
14 43
97 91
4 80
62 3
62 62
82 82
76 86
10 66
3 3
52 13
66 66
30 36
47 85
69 26
37 54
67 67
3 62
89 47
6 6
91 91
5 5
65 60
39 50
93 24
6 91
62 3
3 87
55 72
58 58
87 62
58 43
10 10
77 7
6 6
70 2
94 98
87 3
67 11
57 95
19 76
10 10
61 70
45 45
47 85
54 15
58 58
17 82
94 50
33 52
84 85
15 54
17 82
17 82
4 4
58 43
40 39
36 61
99 63
70 2
71 38
47 85
77 100
60 10
42 27
75 48
11 95
69 26
24 54
32 32
62 87
67 57
54 37
70 70
82 82
74 50
4 80
80 4
68 14
68 32
39 39
35 35
59 25
54 37
11 67
22 21
83 95
22 73
32 68
97 63
62 62
37 24
77 77
67 83
52 52
17 82
1 48
93 54
67 83
85 89
45 46
92 43
11 83
15 93
23 23
33 13
82 82
64 18
12 12
87 3
47 85
76 69
58 14
82 17
1 48
39 74
43 92
79 12
84 89
36 70
17 82
82 82
49 49
31 12
41 13
87 87
23 28
91 6
1 48
82 82
20 20
12 31
64 42
75 75
60 60
51 51
14 43
75 49
97 97
54 15
48 1
99 81
7 7
82 17
24 54
85 89
90 27
52 96
4 78
87 3
66 65
42 90
60 65
90 44
29 100
9 73
8 38
10 66
100 45
26 86
4 34
90 42
96 96
21 25
13 41
17 82
13 96
44 64
38 8
83 95
81 6
89 89
65 10
36 2
47 89
8 38
1 49
51 18
96 96
42 18
95 67
21 28
38 38
18 18
14 68
100 45
48 48
85 47
27 44
63 81
85 84
25 25
34 72
38 38
36 61
81 91
82 17
63 99
49 75
68 58
18 42
1 1
30 30
75 49
33 13
41 33
9 28
83 57
19 19
48 48
82 17
95 11
38 71
35 12
17 17
82 82
49 49
60 10
8 8
70 2
7 7
46 77
17 17
10 66
20 80
59 23
51 44
89 5
13 41
6 63
54 15
73 9
38 8
52 33
16 50
23 59
52 13
48 49
46 46
32 92
10 65
62 62
49 75
32 68
83 83
2 36
21 23
76 19
18 18
2 70
31 31
92 92
19 19
79 31
60 60
85 84
76 76
66 65
17 82
93 37
42 27
84 89
71 8
47 89
73 22
46 46
100 100
12 79
85 84
43 68
53 53
47 47
38 38
49 49
62 3
41 41
99 97
35 31
82 17
51 44
75 75
80 4
24 24
54 24
1 49
85 84
84 89
41 41
17 17
73 28
94 50
96 13
97 97
80 34
35 35
81 91
96 33
42 44
81 6
7 77
71 8
92 43
97 99
82 82
5 85
94 16
65 65
61 61
95 57
77 53
31 79
64 18
21 21
84 5
84 47
58 32
43 14
99 6
82 17
85 47
80 4
63 91
13 52
76 69
49 49
9 23
82 82
60 66
82 17
85 47
91 6
35 12
96 33
39 40
77 45
26 76
47 89
62 3
10 10
17 82
92 43
26 76
59 25
56 74
48 48
83 11
1 1
24 15
68 14
71 71
13 13
81 81
74 94
14 32
18 44
24 54
65 65
46 77
55 55
1 1
8 71
98 88
52 13
23 9
52 96
97 91
48 75
95 11
95 11
21 73
16 39
71 38
89 84
19 69
89 84
38 8
2 2
48 75
71 38
17 82
76 86
67 83
54 37
34 80
17 82
17 17
57 67
15 93
84 47
42 27
12 79
54 93
16 16
60 60
47 89
12 12
62 87
31 31
70 70
89 47
2 61
43 92
97 91
82 82
100 100
79 31
93 54
43 43
73 9
59 28
8 38
41 33
73 73
37 93
34 34
25 23
62 3
100 500
80 35
12 12
50 84
22 40
8 72
30 74
55 34
50 62
16 64
18 41
98 14
4 60
56 75
53 91
30 60
96 14
3 62
74 30
56 7
64 64
27 27
1 28
36 26
90 10
42 95
26 66
5 5
16 64
24 41
43 5
44 73
1 39
48 48
33 33
39 28
56 69
68 51
81 25
24 79
64 64
64 92
3 32
90 29
96 96
48 21
27 19
35 41
100 100
89 5
24 35
5 5
19 45
22 49
11 93
44 46
39 1
74 74
45 27
45 27
92 64
1 1
21 21
9 9
33 83
4 4
25 47
10 23
15 52
91 91
91 30
96 14
37 60
6 48
1 1
91 74
14 42
86 17
73 78
62 84
16 16
39 28
64 64
2 34
100 15
57 57
12 83
8 97
49 7
89 5
5 5
39 1
43 43
91 30
62 32
72 85
61 77
75 56
92 64
18 35
15 100
74 91
22 7
42 95
31 9
56 69
96 98
19 45
89 43
43 89
59 60
36 67
31 9
54 17
11 11
46 44
70 100
14 42
70 15
4 60
5 5
25 26
34 55
27 19
69 69
14 42
84 32
85 97
1 39
85 72
10 29
37 53
70 52
2 55
69 40
3 84
48 21
31 31
38 38
85 72
12 33
90 29
44 73
19 45
21 38
81 25
43 5
85 85
23 23
84 62
64 64
29 90
3 84
19 45
34 2
42 96
46 93
43 43
16 92
57 20
81 99
77 20
38 21
54 86
83 33
5 89
31 9
83 33
95 96
92 64
9 31
26 99
4 59
69 75
100 70
45 19
93 11
61 77
15 70
24 24
43 89
16 16
44 11
12 33
83 12
98 96
10 90
31 31
62 84
46 44
12 83
54 17
1 28
28 28
97 85
83 33
3 62
89 43
98 95
39 39
87 61
78 78
32 62
84 32
9 31
63 20
90 10
9 9
96 96
27 45
9 9
27 27
70 70
67 47
97 97
9 31
38 38
32 32
22 22
19 45
27 19
75 49
18 79
92 92
39 1
65 80
12 33
69 7
21 6
52 15
89 89
79 35
89 43
6 76
78 93
89 43
54 17
10 29
16 16
9 9
54 86
5 89
77 87
68 61
5 5
6 38
27 19
6 76
89 5
27 19
83 12
50 3
9 31
46 94
28 28
25 66
48 21
64 16
19 45
78 46
41 79
20 20
9 31
64 16
24 80
9 9
63 51
66 81
17 86
9 31
23 90
92 92
52 100
99 26
55 82
18 41
52 70
28 28
32 62
94 44
100 52
75 7
21 21
56 40
86 17
63 87
36 67
77 61
11 94
32 32
51 63
10 10
30 59
2 34
13 71
14 42
81 67
1 28
54 86
56 75
31 9
38 6
50 62
9 31
19 45
31 31
10 23
9 9
95 98
42 14
57 61
11 44
28 39
8 85
54 86
9 9
27 19
27 27
8 85
19 45
20 87
24 79
44 44
1 39
27 27
84 62
33 33
90 23
74 74
1 1
4 30
90 23
84 3
34 55
7 56
76 38
66 71
55 34
39 1
5 5
90 29
41 24
26 13
87 57
20 77
8 8
20 20
45 19
13 47
53 4
35 79
21 48
83 12
20 63
64 16
20 63
95 42
5 5
4 53
33 83
46 73
92 16
54 54
80 80
96 42
17 86
1 1
98 98
10 29
82 34
65 35
21 38
41 79
2 55
83 12
42 95
17 54
43 5
77 51
40 75
15 52
8 88
66 25
8 72
76 21
14 14
82 82
62 32
30 91
6 21
33 12
48 6
69 7
66 36
23 90
76 48
98 95
29 23
38 6
49 56
31 31
93 78
54 54
70 15
70 70
10 90
60 91
41 65
41 80
16 64
67 47
16 92
38 76
30 60
97 85
51 87
42 42
48 48
13 36
47 67
64 92
7 56
9 9
82 55
96 98
10 23
27 27
67 71
47 67
1 28
95 96
23 10
39 39
17 17
70 15
41 79
4 53
51 68
37 59
2 2
100 100
82 34
19 19
96 95
95 96
5 43
1 1
31 9
84 62
87 51
86 17
88 88
28 39
11 46
28 28
52 100
54 54
18 18
14 14
83 33
67 26
6 6
90 90
27 45
64 64
34 2
84 84
49 49
48 6
76 48
84 50
86 54
45 45
1 28
32 62
48 48
39 39
28 28
86 54
19 19
32 50
52 52
22 40
25 36
28 1
83 83
42 42
42 98
12 83
23 23
10 23
42 42
92 16
29 23
69 75
75 22
97 88
30 74
31 9
42 42
36 36
100 500
3 59
48 65
22 80
47 77
14 39
27 38
83 83
4 57
5 32
100 42
81 81
47 47
16 81
47 76
10 10
45 52
70 72
36 41
31 32
72 72
20 95
64 74
29 13
16 81
91 83
21 21
93 31
66 26
63 35
57 68
56 56
56 38
91 75
80 99
65 65
3 3
32 93
38 17
12 12
82 24
87 40
68 57
9 70
52 52
50 25
1 1
95 82
30 94
60 51
16 16
60 51
91 83
78 53
21 21
92 92
27 61
21 21
96 61
59 3
34 52
4 63
89 92
97 10
95 51
52 52
41 49
56 38
22 99
66 66
17 27
14 25
29 65
84 33
91 8
78 50
99 80
100 37
93 5
77 6
1 1
16 81
21 21
27 38
24 24
13 65
25 39
97 97
69 98
89 12
32 88
91 75
6 6
70 72
48 29
76 47
10 69
53 53
96 27
36 49
89 92
4 57
62 85
18 36
3 3
35 35
39 50
32 93
52 52
91 8
59 59
80 11
75 83
78 50
75 75
61 56
11 11
48 29
62 90
70 70
73 26
17 61
15 15
92 92
38 27
12 89
52 45
9 9
66 100
86 40
21 21
76 47
97 97
11 43
57 4
71 2
11 22
60 82
82 95
78 14
86 15
9 72
85 64
72 9
2 28
45 34
10 46
53 54
86 86
58 46
18 49
25 78
46 97
92 89
94 2
62 62
16 81
22 80
93 5
89 89
80 11
41 49
81 81
45 52
74 84
3 23
75 8
15 86
31 93
57 63
20 82
85 67
30 30
73 66
33 33
30 28
97 98
65 65
26 73
45 52
41 18
91 83
29 29
18 36
8 83
12 89
18 49
70 72
82 51
48 29
16 81
57 57
21 21
21 21
25 78
100 7
41 18
8 83
57 57
98 69
21 21
94 94
35 4
76 6
16 81
3 3
72 72
98 58
37 100
23 3
89 89
95 95
11 80
58 69
80 80
41 18
66 73
46 98
52 45
43 11
24 20
76 47
64 67
15 15
41 18
15 86
93 32
92 12
37 26
73 73
60 95
71 94
55 64
29 65
29 29
96 56
68 57
81 81
21 21
11 11
65 48
79 2
34 19
91 83
16 16
18 41
14 54
8 75
30 94
70 70
10 10
75 83
13 65
72 72
26 42
98 46
5 31
36 41
65 65
7 37
87 15
65 13
10 58
52 45
41 49
44 47
77 76
91 83
66 7
49 36
3 59
47 44
73 26
49 18
87 40
19 52
46 97
77 47
20 24
16 16
19 52
2 30
87 15
51 24
70 70
23 59
59 59
9 72
9 9
96 96
16 16
72 9
81 16
81 16
70 70
38 17
21 21
9 70
20 20
95 95
68 68
86 40
59 59
33 1
45 19
21 21
40 15
21 21
8 8
20 20
80 43
7 26
63 63
62 67
87 87
65 48
100 66
51 51
21 21
3 3
16 81
36 49
3 23
85 64
88 32
32 32
18 49
3 23
21 21
46 46
31 88
57 68
77 76
28 94
71 94
95 82
49 18
75 83
33 33
9 9
60 51
56 27
46 10
80 43
95 20
77 6
56 17
77 6
33 1
68 68
21 21
93 88
59 59
22 99
44 44
94 71
56 27
16 81
54 14
33 55
30 28
36 36
30 79
99 22
32 93
4 4
78 14
77 77
30 2
81 81
93 32
97 98
31 31
24 24
9 72
77 76
48 13
25 78
24 82
18 18
57 68
87 87
8 75
49 41
36 49
80 43
40 87
74 90
47 76
21 21
82 60
87 15
6 44
28 30
79 2
45 52
49 18
9 9
83 83
21 21
3 23
39 78
81 16
65 65
17 38
41 36
9 72
28 79
31 93
78 39
81 81
28 94
23 23
71 71
21 21
47 44
22 22
37 7
99 22
81 16
96 96
73 26
5 88
77 77
7 73
89 12
82 95
25 25
74 33
66 26
76 44
38 17
75 8
28 28
12 12
70 72
85 85
87 87
94 79
62 74
23 23
22 43
16 16
21 21
59 3
69 10
87 40
73 7
51 82
92 12
27 27
92 12
21 21
45 45
21 21
6 47
94 30
63 57
68 63
21 21
30 79
22 11
20 95
5 5
40 15
24 24
92 12
9 9
52 52
66 73
88 93
45 45
18 49
33 85
63 35
80 43
92 89
81 16
28 2
81 16
86 40
25 39
16 16
11 80
87 87
9 70
89 89
59 23
65 13
21 21
81 16
78 39
63 4
81 16
19 52
25 54
1 64
16 16
56 27
9 72
46 69
