20
100
100 82
26 99
98 61
92 97
96 28
59 95
94 31
67 93
92 65
63 91
90 55
38 89
88 15
30 87
86 50
20 85
84 77
24 83
82 73
58 81
80 34
29 79
78 28
22 77
76 71
43 75
74 37
46 73
72 2
61 71
70 1
66 69
68 12
5 67
66 51
18 65
64 3
1 63
62 33
28 61
60 52
33 59
58 31
15 57
56 15
46 55
54 41
14 53
52 51
12 51
50 23
48 49
48 4
32 47
46 26
42 45
44 2
34 43
42 16
6 41
40 27
7 39
38 31
15 37
36 11
9 35
34 31
10 33
32 15
9 31
30 22
16 29
28 3
23 27
26 10
24 25
24 9
6 23
22 1
18 21
20 1
8 19
18 15
9 17
16 2
4 15
14 6
2 13
12 7
7 11
10 3
8 9
8 5
5 7
6 4
1 5
4 1
2 3
2 1
100
100 11
64 99
98 17
90 97
96 30
79 95
94 14
42 93
92 89
67 91
90 13
47 89
88 47
63 87
86 52
24 85
84 40
34 83
82 28
56 81
80 31
26 79
78 49
66 77
76 25
12 75
74 58
67 73
72 17
9 71
70 40
40 69
68 30
8 67
66 12
19 65
64 50
34 63
62 4
41 61
60 14
16 59
58 49
50 57
56 26
12 55
54 46
44 53
52 35
23 51
50 49
37 49
48 10
19 47
46 1
1 45
44 26
39 43
42 35
29 41
40 26
12 39
38 24
27 37
36 25
29 35
34 10
16 33
32 12
7 31
30 13
17 29
28 6
1 27
26 17
16 25
24 17
14 23
22 6
14 21
20 14
1 19
18 2
15 17
16 1
13 15
14 8
6 13
12 7
8 11
10 5
3 9
8 7
6 7
6 5
3 5
4 3
2 3
2 1
100
100 16
31 99
98 65
52 97
96 26
56 95
94 8
39 93
92 27
17 91
90 16
17 89
88 45
42 87
86 70
34 85
84 73
25 83
82 19
52 81
80 52
50 79
78 5
29 77
76 19
30 75
74 66
3 73
72 17
65 71
70 43
31 69
68 2
1 67
66 9
23 65
64 55
20 63
62 35
23 61
60 41
47 59
58 34
49 57
56 53
24 55
54 11
16 53
52 5
27 51
50 31
23 49
48 3
36 47
46 42
41 45
44 13
5 43
42 5
26 41
40 28
22 39
38 9
30 37
36 16
29 35
34 15
5 33
32 11
15 31
30 3
17 29
28 23
7 27
26 15
15 25
24 16
10 23
22 2
5 21
20 8
11 19
18 1
6 17
16 6
3 15
14 8
5 13
12 5
8 11
10 5
4 9
8 6
4 7
6 4
1 5
4 1
2 3
2 1
100
100 24
21 99
98 32
50 97
96 1
19 95
94 24
49 93
92 78
70 91
90 66
26 89
88 48
47 87
86 15
4 85
84 29
63 83
82 81
32 81
80 54
15 79
78 43
7 77
76 40
59 75
74 61
66 73
72 23
58 71
70 25
9 69
68 57
37 67
66 60
13 65
64 45
57 63
62 13
18 61
60 37
50 59
58 47
51 57
56 16
45 55
54 8
13 53
52 13
45 51
50 15
15 49
48 30
33 47
46 6
19 45
44 43
16 43
42 32
2 41
40 34
28 39
38 3
3 37
36 6
8 35
34 25
31 33
32 8
14 31
30 14
1 29
28 11
23 27
26 21
23 25
24 15
1 23
22 3
9 21
20 17
18 19
18 5
4 17
16 14
12 15
14 10
10 13
12 4
6 11
10 9
1 9
8 5
4 7
6 1
4 5
4 2
1 3
2 1
100
100 43
27 99
98 93
38 97
96 23
81 95
94 76
42 93
92 44
26 91
90 41
85 89
88 3
86 87
86 16
60 85
84 5
23 83
82 3
41 81
80 9
59 79
78 16
26 77
76 36
40 75
74 5
18 73
72 57
64 71
70 11
18 69
68 43
62 67
66 20
4 65
64 17
58 63
62 15
50 61
60 43
15 59
58 42
45 57
56 40
25 55
54 44
47 53
52 35
29 51
50 39
23 49
48 7
7 47
46 14
19 45
44 30
8 43
42 12
40 41
40 5
6 39
38 10
19 37
36 4
14 35
34 6
29 33
32 17
16 31
30 10
25 29
28 25
9 27
26 14
9 25
24 8
19 23
22 3
7 21
20 5
14 19
18 2
13 17
16 6
5 15
14 8
9 13
12 6
1 11
10 3
7 9
8 4
1 7
6 3
3 5
4 2
1 3
2 1
100
100 1
27 99
98 93
16 97
96 66
50 95
94 38
34 93
92 30
13 91
90 49
50 89
88 71
84 87
86 34
27 85
84 33
33 83
82 60
24 81
80 66
20 79
78 6
23 77
76 40
11 75
74 41
53 73
72 44
54 71
70 67
27 69
68 7
32 67
66 61
16 65
64 52
28 63
62 50
29 61
60 10
20 59
58 48
27 57
56 38
4 55
54 3
49 53
52 30
18 51
50 10
14 49
48 43
31 47
46 4
23 45
44 12
2 43
42 40
30 41
40 37
19 39
38 19
23 37
36 11
32 35
34 32
22 33
32 19
14 31
30 20
28 29
28 7
25 27
26 23
1 25
24 11
21 23
22 15
2 21
20 19
17 19
18 12
7 17
16 2
10 15
14 8
1 13
12 9
7 11
10 5
6 9
8 1
2 7
6 5
1 5
4 1
2 3
2 1
100
100 8
3 99
98 34
13 97
96 63
87 95
94 26
17 93
92 39
30 91
90 7
66 89
88 29
14 87
86 47
12 85
84 25
69 83
82 28
54 81
80 7
61 79
78 20
44 77
76 33
57 75
74 67
58 73
72 35
34 71
70 31
2 69
68 1
6 67
66 40
50 65
64 2
24 63
62 42
42 61
60 54
13 59
58 46
32 57
56 40
43 55
54 4
39 53
52 25
50 51
50 49
46 49
48 43
45 47
46 37
37 45
44 17
7 43
42 26
22 41
40 25
30 39
38 34
2 37
36 16
22 35
34 13
27 33
32 11
14 31
30 21
28 29
28 27
24 27
26 23
21 25
24 13
5 23
22 2
16 21
20 18
4 19
18 11
16 17
16 15
14 15
14 4
2 13
12 8
8 11
10 3
5 9
8 7
6 7
6 1
4 5
4 3
2 3
2 1
100
100 60
14 99
98 4
70 97
96 11
24 95
94 85
7 93
92 23
59 91
90 44
37 89
88 81
49 87
86 3
53 85
84 6
59 83
82 57
75 81
80 76
15 79
78 39
16 77
76 33
60 75
74 30
57 73
72 60
4 71
70 56
63 69
68 52
60 67
66 6
61 65
64 7
60 63
62 15
14 61
60 53
34 59
58 49
31 57
56 18
39 55
54 12
5 53
52 36
29 51
50 6
44 49
48 37
1 47
46 36
10 45
44 37
29 43
42 39
39 41
40 34
27 39
38 1
26 37
36 18
12 35
34 9
5 33
32 26
28 31
30 17
28 29
28 21
3 27
26 14
7 25
24 3
3 23
22 18
18 21
20 6
8 19
18 4
3 17
16 15
13 15
14 8
9 13
12 7
7 11
10 1
8 9
8 7
5 7
6 5
4 5
4 2
1 3
2 1
100
100 37
4 99
98 1
92 97
96 18
39 95
94 9
90 93
92 34
67 91
90 63
3 89
88 18
31 87
86 21
47 85
84 7
41 83
82 63
34 81
80 69
47 79
78 72
41 77
76 47
26 75
74 34
45 73
72 71
26 71
70 2
16 69
68 47
43 67
66 50
12 65
64 23
40 63
62 49
1 61
60 49
30 59
58 32
54 57
56 45
21 55
54 40
1 53
52 28
20 51
50 2
37 49
48 27
23 47
46 23
36 45
44 34
1 43
42 28
36 41
40 10
23 39
38 21
6 37
36 34
9 35
34 20
29 33
32 16
8 31
30 4
5 29
28 8
23 27
26 12
11 25
24 17
14 23
22 2
1 21
20 18
15 19
18 1
5 17
16 3
1 15
14 4
6 13
12 1
9 11
10 5
8 9
8 7
2 7
6 3
3 5
4 3
1 3
2 1
100
100 89
77 99
98 10
20 97
96 79
38 95
94 2
37 93
92 74
75 91
90 47
24 89
88 38
56 87
86 23
60 85
84 16
31 83
82 43
77 81
80 18
4 79
78 50
25 77
76 26
6 75
74 8
46 73
72 41
23 71
70 8
54 69
68 37
64 67
66 54
7 65
64 46
24 63
62 16
34 61
60 1
2 59
58 47
45 57
56 3
22 55
54 41
35 53
52 24
35 51
50 33
2 49
48 37
16 47
46 13
32 45
44 20
32 43
42 17
13 41
40 18
10 39
38 25
3 37
36 7
5 35
34 27
6 33
32 8
12 31
30 21
16 29
28 16
1 27
26 17
10 25
24 19
12 23
22 4
17 21
20 1
1 19
18 12
13 17
16 2
3 15
14 4
4 13
12 3
2 11
10 6
8 9
8 3
4 7
6 2
3 5
4 1
1 3
2 1
100
100 52
53 99
98 24
52 97
96 1
89 95
94 34
18 93
92 36
21 91
90 15
54 89
88 33
8 87
86 38
52 85
84 17
59 83
82 5
53 81
80 9
65 79
78 9
47 77
76 57
56 75
74 35
7 73
72 64
21 71
70 26
50 69
68 64
63 67
66 44
14 65
64 3
35 63
62 26
32 61
60 9
8 59
58 33
40 57
56 12
21 55
54 5
49 53
52 34
11 51
50 37
27 49
48 37
25 47
46 29
19 45
44 13
18 43
42 16
17 41
40 6
13 39
38 32
17 37
36 22
34 35
34 4
26 33
32 14
20 31
30 11
27 29
28 20
4 27
26 17
10 25
24 21
7 23
22 2
7 21
20 15
18 19
18 17
12 17
16 9
9 15
14 3
9 13
12 1
3 11
10 8
8 9
8 6
4 7
6 5
4 5
4 3
2 3
2 1
100
100 95
97 99
98 79
60 97
96 73
80 95
94 91
25 93
92 25
10 91
90 74
68 89
88 56
75 87
86 52
45 85
84 15
77 83
82 81
7 81
80 15
58 79
78 48
35 77
76 26
72 75
74 36
31 73
72 6
31 71
70 37
22 69
68 44
62 67
66 37
37 65
64 22
40 63
62 58
43 61
60 16
38 59
58 10
4 57
56 51
30 55
54 25
20 53
52 15
1 51
50 42
40 49
48 16
30 47
46 16
8 45
44 8
14 43
42 32
19 41
40 9
16 39
38 17
27 37
36 24
20 35
34 20
23 33
32 22
7 31
30 20
12 29
28 27
16 27
26 14
18 25
24 8
14 23
22 12
17 21
20 12
12 19
18 7
5 17
16 7
12 15
14 8
10 13
12 6
9 11
10 3
7 9
8 4
5 7
6 2
3 5
4 3
1 3
2 1
100
100 41
65 99
98 23
20 97
96 84
52 95
94 27
38 93
92 43
27 91
90 16
80 89
88 53
75 87
86 62
68 85
84 41
44 83
82 61
67 81
80 72
3 79
78 6
31 77
76 10
67 75
74 43
51 73
72 1
48 71
70 49
39 69
68 24
47 67
66 25
41 65
64 27
44 63
62 49
56 61
60 27
9 59
58 24
19 57
56 36
54 55
54 11
45 53
52 23
50 51
50 40
40 49
48 25
3 47
46 34
2 45
44 18
22 43
42 34
12 41
40 19
22 39
38 12
26 37
36 21
30 35
34 28
32 33
32 24
12 31
30 11
5 29
28 3
9 27
26 5
1 25
24 8
6 23
22 5
6 21
20 15
3 19
18 4
9 17
16 15
11 15
14 9
9 13
12 10
8 11
10 7
3 9
8 1
3 7
6 2
1 5
4 3
1 3
2 1
100
100 8
7 99
98 78
77 97
96 90
18 95
94 79
12 93
92 61
62 91
90 69
21 89
88 70
82 87
86 73
3 85
84 50
63 83
82 59
19 81
80 69
22 79
78 56
16 77
76 23
38 75
74 46
45 73
72 29
29 71
70 49
10 69
68 2
48 67
66 44
61 65
64 13
11 63
62 53
49 61
60 23
45 59
58 45
23 57
56 6
18 55
54 21
46 53
52 24
27 51
50 13
22 49
48 24
24 47
46 34
13 45
44 13
13 43
42 26
29 41
40 30
16 39
38 35
27 37
36 14
33 35
34 33
6 33
32 14
9 31
30 7
7 29
28 22
7 27
26 24
19 25
24 7
8 23
22 15
18 21
20 9
13 19
18 9
14 17
16 13
11 15
14 6
4 13
12 6
1 11
10 4
8 9
8 4
4 7
6 3
2 5
4 1
1 3
2 1
100
100 44
22 99
98 68
56 97
96 43
79 95
94 13
45 93
92 67
85 91
90 20
68 89
88 66
25 87
86 26
29 85
84 23
35 83
82 35
16 81
80 39
59 79
78 38
21 77
76 18
60 75
74 58
42 73
72 4
16 71
70 2
55 69
68 55
5 67
66 61
56 65
64 55
20 63
62 15
21 61
60 52
6 59
58 40
46 57
56 46
48 55
54 44
38 53
52 51
30 51
50 38
33 49
48 33
44 47
46 25
24 45
44 5
20 43
42 6
8 41
40 5
6 39
38 33
3 37
36 10
10 35
34 5
1 33
32 28
21 31
30 15
28 29
28 11
1 27
26 3
9 25
24 8
18 23
22 4
18 21
20 16
4 19
18 10
14 17
16 7
10 15
14 11
6 13
12 6
2 11
10 3
1 9
8 5
6 7
6 1
2 5
4 2
1 3
2 1
100
100 56
4 99
98 63
27 97
96 95
33 95
94 24
32 93
92 27
2 91
90 76
19 89
88 75
42 87
86 42
71 85
84 7
38 83
82 81
18 81
80 44
11 79
78 15
5 77
76 34
44 75
74 3
2 73
72 9
18 71
70 39
2 69
68 4
36 67
66 17
31 65
64 6
4 63
62 1
15 61
60 38
50 59
58 13
45 57
56 3
1 55
54 2
37 53
52 25
33 51
50 49
31 49
48 31
9 47
46 12
2 45
44 34
8 43
42 28
11 41
40 14
34 39
38 8
28 37
36 6
1 35
34 28
12 33
32 22
29 31
30 13
7 29
28 9
17 27
26 21
18 25
24 21
4 23
22 5
1 21
20 13
3 19
18 2
16 17
16 1
10 15
14 6
1 13
12 7
5 11
10 1
5 9
8 5
6 7
6 4
1 5
4 2
2 3
2 1
100
100 51
83 99
98 9
90 97
96 19
50 95
94 85
56 93
92 76
26 91
90 89
22 89
88 16
85 87
86 14
58 85
84 77
51 83
82 40
74 81
80 40
55 79
78 70
50 77
76 20
39 75
74 63
10 73
72 60
53 71
70 31
21 69
68 33
7 67
66 56
9 65
64 39
17 63
62 23
7 61
60 27
4 59
58 9
18 57
56 55
26 55
54 26
9 53
52 51
1 51
50 29
14 49
48 35
38 47
46 24
27 45
44 13
13 43
42 40
5 41
40 15
25 39
38 27
14 37
36 13
29 35
34 28
11 33
32 7
18 31
30 23
7 29
28 27
13 27
26 15
21 25
24 14
8 23
22 17
14 21
20 18
17 19
18 11
10 17
16 15
9 15
14 2
11 13
12 10
10 11
10 5
8 9
8 4
1 7
6 2
2 5
4 1
1 3
2 1
100
100 34
70 99
98 26
58 97
96 12
68 95
94 34
34 93
92 74
66 91
90 60
62 89
88 32
84 87
86 40
2 85
84 2
65 83
82 15
71 81
80 63
4 79
78 23
24 77
76 21
32 75
74 9
36 73
72 8
68 71
70 41
39 69
68 6
55 67
66 31
40 65
64 4
32 63
62 31
42 61
60 20
51 59
58 44
17 57
56 55
43 55
54 16
41 53
52 19
37 51
50 21
17 49
48 15
45 47
46 17
27 45
44 33
41 43
42 9
39 41
40 2
37 39
38 5
7 37
36 19
8 35
34 12
10 33
32 23
17 31
30 10
7 29
28 25
22 27
26 10
2 25
24 10
11 23
22 15
2 21
20 9
18 19
18 16
6 17
16 13
9 15
14 4
7 13
12 7
6 11
10 4
7 9
8 4
6 7
6 3
4 5
4 2
1 3
2 1
100
100 6
74 99
98 44
53 97
96 6
5 95
94 92
17 93
92 61
42 91
90 65
24 89
88 23
30 87
86 78
18 85
84 77
57 83
82 76
58 81
80 34
1 79
78 41
46 77
76 6
44 75
74 19
25 73
72 2
8 71
70 43
63 69
68 40
52 67
66 9
27 65
64 40
52 63
62 15
1 61
60 19
40 59
58 26
38 57
56 14
43 55
54 48
41 53
52 31
20 51
50 46
6 49
48 8
5 47
46 1
30 45
44 41
15 43
42 18
1 41
40 26
4 39
38 3
2 37
36 3
30 35
34 32
10 33
32 28
8 31
30 2
17 29
28 11
2 27
26 3
9 25
24 19
4 23
22 17
9 21
20 10
11 19
18 5
1 17
16 14
6 15
14 2
2 13
12 6
9 11
10 5
8 9
8 4
5 7
6 4
2 5
4 2
2 3
2 1
100
100 99
77 99
98 12
19 97
96 6
55 95
94 6
17 93
92 4
1 91
90 25
4 89
88 72
46 87
86 47
63 85
84 60
28 83
82 64
27 81
80 51
67 79
78 38
56 77
76 35
39 75
74 4
53 73
72 35
31 71
70 16
48 69
68 20
5 67
66 21
3 65
64 34
14 63
62 51
2 61
60 4
31 59
58 13
28 57
56 14
32 55
54 28
26 53
52 34
22 51
50 32
39 49
48 44
15 47
46 37
16 45
44 28
26 43
42 5
33 41
40 20
13 39
38 31
20 37
36 16
8 35
34 24
5 33
32 8
26 31
30 3
26 29
28 27
8 27
26 24
9 25
24 23
17 23
22 20
16 21
20 1
13 19
18 17
5 17
16 8
12 15
14 1
12 13
12 5
3 11
10 7
6 9
8 3
4 7
6 5
3 5
4 2
2 3
2 1
