20
10
10 1
1 9
8 3
2 7
6 5
1 5
4 2
1 3
2 1
10
10 7
2 9
8 5
3 7
6 4
3 5
4 1
1 3
2 1
10
10 5
2 9
8 3
3 7
6 1
4 5
4 3
1 3
2 1
10
10 1
8 9
8 6
2 7
6 1
4 5
4 2
1 3
2 1
10
10 8
5 9
8 2
5 7
6 1
3 5
4 3
2 3
2 1
10
10 6
1 9
8 5
3 7
6 1
2 5
4 2
1 3
2 1
10
10 7
4 9
8 6
6 7
6 4
3 5
4 2
1 3
2 1
10
10 3
7 9
8 6
1 7
6 4
3 5
4 1
1 3
2 1
10
10 9
4 9
8 6
1 7
6 4
2 5
4 3
2 3
2 1
10
10 5
7 9
8 5
1 7
6 2
2 5
4 3
2 3
2 1
10
10 1
7 9
8 6
5 7
6 2
2 5
4 3
2 3
2 1
10
10 1
8 9
8 7
6 7
6 4
3 5
4 3
1 3
2 1
10
10 5
7 9
8 6
2 7
6 4
3 5
4 2
2 3
2 1
10
10 7
7 9
8 2
2 7
6 4
2 5
4 3
2 3
2 1
10
10 2
2 9
8 5
3 7
6 1
1 5
4 3
1 3
2 1
10
10 2
4 9
8 5
1 7
6 3
2 5
4 1
2 3
2 1
10
10 7
7 9
8 5
6 7
6 1
1 5
4 2
1 3
2 1
10
10 4
6 9
8 6
1 7
6 1
2 5
4 3
2 3
2 1
10
10 7
3 9
8 6
4 7
6 5
3 5
4 1
1 3
2 1
10
10 1
5 9
8 7
3 7
6 3
2 5
4 1
2 3
2 1
