20
100 500
32 10
5 29
18 44
98 63
87 58
22 26
18 85
29 80
33 22
88 94
60 74
100 45
85 41
82 3
76 21
51 86
91 17
32 42
16 8
90 99
68 54
24 68
33 15
94 50
81 36
95 45
33 69
12 94
21 94
31 20
12 51
12 22
28 15
90 38
11 23
59 55
55 34
71 1
86 34
54 19
30 65
5 6
65 95
36 35
57 35
18 36
31 93
8 3
10 13
24 82
82 86
93 21
73 47
82 23
41 82
52 4
89 49
6 47
85 49
32 49
66 19
91 34
17 57
91 82
60 25
72 20
87 54
36 77
48 66
85 80
18 7
32 17
38 20
48 8
10 19
25 77
17 94
58 26
35 27
73 51
30 100
73 15
30 25
89 100
41 3
65 55
30 98
25 100
16 38
85 49
11 40
95 26
30 98
90 58
55 43
85 36
5 20
71 19
87 61
91 14
70 62
30 14
56 55
93 34
62 50
60 95
24 20
54 34
20 3
28 10
1 26
15 36
68 12
90 57
71 72
52 63
66 3
9 46
28 83
68 7
11 45
49 10
77 34
79 49
68 58
41 11
56 27
30 23
74 20
68 29
42 27
44 46
22 88
24 69
64 61
53 79
81 89
99 56
54 1
87 63
59 23
41 27
48 11
70 86
11 75
87 99
33 98
36 19
89 8
91 79
2 80
24 9
37 49
95 42
69 35
33 93
85 1
74 49
65 4
30 7
5 64
54 75
63 50
30 1
90 16
59 1
4 88
91 39
83 23
18 50
15 75
97 30
95 46
68 64
90 41
15 38
90 11
33 64
16 20
30 51
71 37
37 88
18 1
74 45
99 74
41 63
49 20
62 94
30 59
92 35
39 64
18 46
17 89
28 12
83 36
47 7
9 77
97 94
60 80
64 13
53 84
85 63
58 21
72 95
17 4
30 98
30 59
47 88
44 89
78 8
16 20
41 12
96 22
39 46
98 14
11 42
56 8
46 88
37 88
63 49
90 76
47 94
79 84
81 99
93 29
18 58
22 77
68 21
32 8
67 76
87 95
33 63
83 27
24 100
58 64
81 2
82 100
52 70
11 10
60 49
30 88
97 59
17 39
52 42
91 38
26 80
84 10
79 51
100 10
90 71
41 43
5 73
11 21
56 19
24 91
84 80
29 40
3 40
99 79
45 94
12 19
47 45
73 34
85 21
47 14
59 39
1 26
33 72
49 62
58 70
22 1
73 60
28 70
6 89
12 39
5 28
33 8
31 57
68 45
24 75
78 1
14 77
37 25
64 45
24 62
52 6
79 27
69 32
26 20
60 8
81 50
28 99
76 100
47 57
67 50
89 80
58 65
37 64
42 50
7 62
12 36
75 3
15 56
69 55
54 49
14 96
49 34
59 89
25 40
91 69
83 4
33 48
48 86
3 19
82 42
8 51
14 49
90 49
100 1
58 26
92 74
98 49
68 74
64 62
41 21
42 26
28 38
5 77
32 56
68 10
66 27
85 64
17 55
99 23
39 35
18 40
56 49
59 11
87 38
42 1
6 75
6 37
84 88
28 8
53 51
77 40
97 26
59 92
67 11
5 1
2 26
55 34
33 35
25 63
66 86
45 20
37 82
58 57
54 81
5 41
95 3
96 13
25 72
17 83
82 88
38 20
32 34
2 36
61 34
64 13
39 88
32 64
41 17
15 2
64 26
76 49
53 10
8 43
16 49
72 13
84 43
67 37
23 20
47 23
30 46
75 45
24 93
67 70
74 36
58 49
78 55
67 98
39 51
5 13
74 86
64 50
63 23
93 46
81 26
29 34
38 10
90 38
98 41
17 16
21 61
48 1
96 86
15 29
5 53
64 1
85 98
42 1
81 42
71 72
21 1
31 82
63 86
23 10
97 68
59 8
67 66
86 40
16 49
59 13
45 94
52 21
76 55
81 100
2 89
78 29
81 9
54 44
33 64
82 15
98 53
31 42
33 45
28 38
58 45
31 37
98 53
90 9
21 35
47 58
16 42
15 2
44 74
83 1
30 96
32 13
97 11
64 8
18 21
47 49
95 79
75 26
59 4
6 50
54 96
63 72
48 88
21 94
90 27
58 88
97 30
45 50
56 19
45 62
41 88
41 16
71 92
66 53
96 34
33 7
68 3
92 89
36 79
33 61
2 50
78 3
7 99
81 32
47 13
17 19
93 15
48 71
48 63
31 43
29 43
2 21
66 50
39 34
85 63
17 36
14 3
45 94
63 34
11 51
93 94
96 88
100 500
48 77
59 98
44 21
32 53
4 15
49 93
12 65
8 86
87 28
62 49
3 44
91 98
26 61
31 28
54 74
30 47
11 5
33 77
90 83
100 44
43 7
36 71
41 42
26 92
80 99
17 19
20 36
87 61
7 73
65 99
82 89
39 9
43 39
16 53
11 33
30 45
59 94
18 9
4 53
73 60
83 98
43 3
73 69
43 25
58 26
41 15
87 98
79 39
25 6
74 69
17 99
82 78
29 21
12 5
62 65
56 99
30 8
48 33
52 16
96 19
1 83
35 73
86 24
32 73
33 36
25 42
17 8
59 96
68 56
88 19
31 91
46 45
1 45
26 93
77 20
51 49
3 32
91 78
90 52
81 40
81 71
10 51
53 86
48 75
28 38
43 60
48 4
58 42
33 29
31 70
31 21
55 46
64 24
74 40
70 65
63 61
30 37
3 34
10 26
88 30
87 16
82 5
43 26
68 76
29 44
86 65
72 100
43 72
27 89
3 83
67 39
11 95
11 19
34 42
27 37
68 78
48 4
4 96
36 15
31 100
35 8
41 14
4 78
36 5
57 80
18 9
45 86
77 22
29 65
67 32
82 49
79 6
81 20
30 13
32 14
4 60
92 13
67 16
78 15
49 69
80 99
63 86
7 17
8 53
25 91
31 27
57 24
37 28
100 82
62 94
4 13
83 13
58 81
25 58
1 61
34 50
52 8
90 89
97 39
36 9
52 96
75 77
68 71
67 58
35 53
67 23
72 76
99 19
89 15
33 90
62 61
9 84
28 53
34 6
31 15
2 58
68 70
29 70
8 15
90 1
77 36
45 56
48 93
65 96
12 89
23 45
73 80
61 65
23 86
13 86
23 60
97 69
68 35
34 20
41 36
57 65
89 21
75 84
100 19
67 55
75 70
82 34
25 94
25 54
52 32
8 60
87 57
67 20
8 56
88 87
29 20
65 19
86 15
58 26
7 59
51 20
35 20
81 14
85 28
92 89
43 83
100 82
4 64
73 99
52 8
44 53
97 23
50 94
93 69
44 76
37 14
85 49
12 71
17 28
46 50
45 28
3 98
34 94
64 22
83 15
54 65
25 36
64 89
26 51
4 5
27 89
50 56
25 81
31 68
25 26
48 67
79 37
74 60
57 69
26 86
18 56
53 65
30 71
97 75
70 21
83 6
47 20
43 97
29 98
54 64
97 9
98 9
97 99
54 15
22 42
18 55
88 100
91 44
62 56
54 71
88 89
67 34
90 83
31 77
41 71
33 93
92 45
54 32
69 24
54 91
7 100
91 22
7 17
5 65
32 57
33 97
45 93
90 71
48 14
37 5
82 70
29 19
79 28
49 98
100 16
100 27
22 99
2 5
53 84
43 3
97 6
91 68
3 34
2 60
88 52
90 49
63 93
10 68
100 13
55 36
50 53
30 44
30 37
68 34
48 50
4 73
2 39
46 42
48 34
39 6
49 96
27 40
25 89
2 16
81 80
66 94
50 28
31 39
77 23
52 32
33 75
37 89
55 50
16 14
4 30
7 100
85 28
41 95
100 52
11 98
62 80
28 86
100 93
97 31
54 55
52 53
6 65
33 75
10 55
78 20
49 80
34 70
7 58
91 28
43 42
75 32
62 42
7 31
2 24
53 57
4 27
90 53
47 94
88 74
74 53
33 77
3 81
82 74
41 73
93 70
31 17
78 5
10 14
54 28
43 94
76 98
68 42
11 72
35 41
59 5
97 82
31 59
39 51
75 89
100 50
22 32
18 86
62 78
67 80
67 69
97 94
51 96
49 89
35 16
68 37
3 59
43 25
97 68
100 57
18 80
61 28
2 40
16 71
59 6
74 93
4 1
67 21
72 15
53 15
11 57
81 92
43 76
60 66
12 92
7 82
32 8
29 61
31 86
91 27
25 69
17 73
91 8
42 16
43 20
54 83
68 49
64 74
71 9
37 49
31 27
90 46
68 80
79 63
54 57
25 30
71 93
36 86
95 61
10 80
11 22
1 13
100 56
3 26
16 19
42 28
75 98
73 6
83 20
75 83
85 8
72 79
31 27
78 61
95 19
2 12
23 5
33 23
51 28
72 55
53 80
10 18
2 23
52 93
31 19
46 60
48 32
91 94
96 9
11 74
97 55
91 55
79 87
87 94
12 13
100 59
72 18
77 73
53 80
54 74
35 21
31 17
76 99
17 32
64 86
25 37
91 56
59 20
27 24
5 66
85 50
49 70
54 83
2 74
35 56
59 17
100 500
1 31
58 52
80 67
45 59
59 48
65 35
96 43
63 30
15 28
37 3
92 2
100 84
36 72
82 32
95 29
92 60
11 38
76 65
55 47
24 32
40 44
63 82
95 62
99 68
42 61
31 93
75 9
94 24
87 5
13 80
28 81
62 62
74 25
35 47
58 12
87 90
69 86
35 78
37 52
50 24
33 51
78 26
40 52
3 6
76 47
99 15
21 41
77 6
1 55
64 76
71 95
86 98
37 93
36 39
24 27
62 47
100 75
80 60
27 31
58 79
19 66
25 10
41 50
38 27
55 40
30 9
75 28
79 72
85 54
66 68
78 62
66 57
23 38
12 28
1 58
36 51
35 37
16 36
5 96
10 26
80 46
92 48
100 61
62 18
8 9
3 62
70 65
30 75
50 89
84 18
73 32
58 20
44 5
75 78
72 69
48 37
28 45
92 45
94 55
37 91
67 12
70 84
93 43
88 39
88 43
88 98
26 31
44 11
76 77
98 80
81 71
89 42
71 86
28 38
1 98
29 28
4 47
7 15
57 59
64 74
42 95
19 92
90 1
49 33
74 61
40 6
46 52
45 19
75 77
39 57
61 4
11 15
95 49
25 25
52 32
33 6
5 87
67 42
25 69
3 53
36 54
27 77
72 48
46 7
23 37
14 96
37 51
67 53
17 87
93 44
17 63
77 62
83 93
80 24
15 60
29 77
24 90
9 63
86 62
48 58
27 30
100 35
15 92
1 25
24 5
18 53
13 48
65 65
41 1
13 37
64 37
20 48
29 41
81 13
60 11
90 31
97 75
23 36
61 63
43 2
95 82
32 54
16 22
11 2
100 58
3 63
48 43
97 20
42 96
29 17
81 16
21 27
17 79
37 27
77 58
68 12
98 56
80 76
60 35
86 99
50 7
24 84
1 91
72 7
36 93
74 72
67 37
38 89
4 94
74 49
91 25
23 12
79 70
97 45
32 82
45 3
35 11
97 87
67 14
37 78
16 6
96 85
9 1
70 22
68 34
14 71
3 87
35 66
11 37
41 18
96 82
1 98
93 18
55 57
75 58
18 75
90 10
74 45
86 86
91 49
100 54
37 70
76 91
29 30
12 96
29 22
2 43
64 36
29 81
18 13
68 8
29 75
18 40
39 24
81 41
73 22
48 46
61 97
80 17
70 66
15 80
1 60
69 47
100 6
62 53
87 52
49 27
67 25
20 97
32 87
18 97
62 93
42 84
72 22
10 5
13 37
29 51
71 38
62 45
90 92
63 64
61 97
84 16
42 86
24 19
46 89
90 67
34 14
1 81
24 4
82 44
51 66
66 31
96 41
20 76
100 71
99 53
82 57
24 5
50 8
90 85
82 70
28 10
25 91
17 34
18 70
62 82
28 49
66 92
56 67
95 30
64 59
93 86
87 75
78 85
50 40
9 57
92 2
53 53
70 87
17 34
96 17
54 95
49 86
89 29
20 83
49 19
16 37
50 58
28 74
6 47
62 2
29 43
24 80
8 29
3 16
13 95
45 80
99 50
52 99
61 97
85 65
57 81
44 55
87 84
24 78
23 88
8 8
2 29
46 76
55 5
85 19
25 77
51 76
64 82
5 32
10 68
59 99
89 28
81 63
45 54
82 14
9 77
80 29
25 5
29 62
100 55
37 47
48 96
65 71
43 60
51 65
9 41
89 46
85 40
57 92
84 70
62 38
96 95
57 41
20 20
66 94
94 43
64 86
41 31
4 31
47 91
8 46
84 80
81 55
51 78
65 74
19 48
40 10
94 84
91 3
97 64
78 57
18 88
23 92
18 77
53 95
55 99
4 71
54 60
2 47
97 76
47 99
35 92
80 1
96 40
67 5
16 71
53 58
86 77
57 80
30 68
61 82
76 91
29 17
13 91
7 67
75 42
85 44
91 91
69 74
15 89
25 25
45 1
36 93
100 65
21 17
24 61
94 79
81 28
34 95
35 34
30 50
66 74
48 25
25 51
88 79
14 52
41 69
50 90
4 39
31 26
39 18
86 98
56 27
20 88
7 29
20 55
19 28
20 43
17 51
48 99
86 63
27 69
79 6
58 9
25 70
6 35
79 60
45 58
82 14
79 40
78 90
60 78
67 44
18 83
10 4
70 89
14 91
20 39
81 49
56 94
52 4
66 5
60 23
91 68
1 25
75 5
41 96
64 11
96 62
48 1
33 26
77 68
57 58
31 98
81 19
61 72
75 96
64 34
59 38
31 61
80 76
10 57
54 20
100 500
59 52
11 87
7 86
53 21
22 71
71 76
47 52
62 90
56 8
62 42
100 23
6 31
51 5
48 5
8 12
100 99
1 36
39 8
6 9
45 96
86 31
59 45
54 98
11 86
55 93
4 87
86 50
13 1
64 52
32 74
78 88
25 72
100 47
66 29
39 27
6 7
61 66
61 73
22 98
59 22
6 71
28 35
90 15
13 37
62 67
59 38
50 9
41 12
41 23
1 21
25 15
47 8
32 30
54 2
99 24
47 63
46 44
43 44
36 20
78 96
70 50
66 88
34 10
53 17
1 94
4 27
40 68
60 29
85 74
61 54
80 95
28 9
57 92
13 16
8 2
56 55
61 21
71 5
86 81
50 15
15 3
45 40
22 24
28 7
56 48
100 12
80 58
100 89
41 76
61 3
90 20
25 74
39 95
28 85
4 30
90 96
70 79
48 40
33 96
84 77
67 12
86 3
90 63
41 12
70 69
82 77
32 44
69 2
15 76
1 98
53 15
7 87
10 17
19 24
75 76
59 56
54 30
3 17
83 47
20 87
88 93
79 16
88 52
56 27
64 12
59 87
45 58
75 74
66 91
69 46
94 15
85 18
19 58
83 20
80 75
86 40
49 17
90 78
7 97
13 17
88 95
1 76
39 17
27 77
49 40
32 92
67 74
20 42
45 66
13 62
98 68
11 67
3 76
66 41
92 74
26 22
28 93
71 63
43 23
42 35
85 97
1 15
54 15
6 14
65 68
99 17
13 70
25 23
19 49
7 58
48 2
32 38
19 72
25 66
6 39
80 48
4 58
66 2
11 75
89 58
79 40
82 17
93 17
83 87
65 9
7 92
79 2
18 91
90 91
87 42
61 20
78 15
70 54
64 66
67 92
36 5
1 3
46 96
34 19
1 46
57 37
7 18
51 41
12 30
78 9
36 96
64 43
60 21
26 48
13 29
50 74
82 98
39 92
13 99
85 33
67 50
6 41
48 93
4 27
47 43
20 41
96 23
20 74
19 93
39 44
83 3
56 45
41 17
78 94
99 5
59 63
32 31
15 52
61 25
43 30
25 3
67 72
71 50
67 14
11 55
11 95
71 10
61 52
13 88
81 10
1 76
59 19
70 49
41 99
28 78
83 86
36 66
7 19
21 3
91 96
96 52
73 10
26 61
79 17
34 11
4 35
25 89
45 20
11 99
33 73
54 10
69 58
73 63
97 10
24 98
34 82
38 86
28 97
56 55
37 94
6 94
35 89
57 29
83 66
16 65
66 17
82 94
28 69
13 84
66 29
37 90
1 89
85 33
81 15
62 77
20 89
60 14
13 58
67 30
91 21
37 86
34 9
18 77
66 89
3 98
1 21
73 75
86 27
80 79
28 63
6 30
64 92
29 68
59 1
33 83
66 14
49 72
1 96
54 8
26 44
34 20
87 14
57 90
36 89
53 12
59 74
33 47
53 92
49 42
61 81
84 86
15 3
28 86
80 9
92 27
84 83
59 76
55 98
79 35
12 77
92 63
38 95
34 83
100 76
20 21
86 66
56 17
33 65
56 75
14 63
58 5
26 16
92 21
39 76
45 4
47 21
62 4
57 88
88 65
23 24
94 81
1 89
8 77
23 2
48 8
51 19
79 29
56 85
91 5
54 52
56 71
62 100
38 39
84 17
16 29
7 68
81 31
84 91
80 77
19 81
46 42
42 52
42 2
49 24
5 9
6 63
13 20
82 8
87 76
11 53
57 88
91 10
90 16
80 2
82 12
49 58
7 63
56 9
6 1
64 30
100 95
52 97
86 17
38 39
36 5
59 60
78 44
52 2
49 35
62 31
16 2
60 39
1 40
40 58
93 43
91 14
79 77
28 80
69 75
62 57
61 2
1 42
36 96
70 37
79 20
87 52
52 99
90 71
37 89
13 53
79 16
47 41
34 93
33 43
49 35
78 24
83 43
83 87
86 9
65 10
81 10
45 27
4 96
13 4
62 91
48 27
5 44
20 49
79 29
69 82
29 99
86 66
52 63
45 14
57 99
22 21
85 51
94 42
18 75
99 97
62 58
82 97
38 86
25 92
36 9
62 39
6 27
56 40
99 9
80 40
69 24
55 97
61 74
49 87
59 74
54 72
18 3
70 39
71 9
88 46
71 49
55 66
26 86
57 23
70 4
83 42
35 73
1 31
22 50
50 73
22 19
54 12
60 47
81 49
84 38
67 47
45 92
34 10
82 79
33 26
85 19
85 76
56 54
99 58
13 51
100 500
48 28
68 7
89 25
1 99
63 17
90 76
70 8
97 3
87 20
83 47
49 3
75 21
66 63
46 60
59 78
100 31
64 3
15 25
2 18
15 89
25 74
83 30
14 46
65 61
68 44
70 9
40 86
50 59
94 20
3 76
89 41
100 66
50 61
85 57
88 54
72 63
62 99
90 61
91 16
79 41
75 81
95 37
78 22
45 58
47 63
91 46
68 33
5 22
83 18
88 38
66 49
58 55
96 78
37 90
23 74
72 71
12 30
57 77
1 30
54 92
19 45
88 31
86 7
27 44
70 10
60 61
72 27
87 24
76 67
84 80
27 78
70 94
1 66
88 86
99 3
66 37
54 44
68 57
60 73
36 71
2 60
90 44
77 60
4 22
32 74
68 63
72 54
89 38
99 78
100 60
90 55
62 21
18 63
59 53
99 79
62 78
52 17
23 44
19 1
72 16
51 3
31 6
82 21
12 78
86 94
5 39
95 45
32 3
62 87
26 88
71 31
54 63
81 37
62 79
60 34
38 39
4 97
90 27
90 78
45 76
4 46
32 99
39 42
86 21
54 76
82 25
70 25
88 51
12 14
63 22
25 9
23 34
75 8
64 81
96 33
48 77
31 24
36 54
44 73
83 25
100 44
68 14
33 41
50 69
54 8
75 77
99 76
40 91
8 55
37 46
98 94
11 14
89 7
50 40
70 89
77 56
37 42
50 62
5 49
49 2
93 43
4 88
81 54
73 17
49 20
15 28
84 80
46 41
68 37
1 46
15 20
54 91
16 67
35 9
32 42
23 61
14 3
85 57
48 98
32 9
49 3
80 78
42 41
7 6
95 96
53 28
23 42
86 22
4 59
80 8
74 17
15 95
62 87
36 43
51 53
91 6
92 3
70 37
8 67
39 52
25 91
80 85
93 27
89 14
1 73
12 82
12 24
72 47
100 49
83 27
91 58
40 28
29 3
2 78
71 16
64 53
54 33
19 96
14 90
4 25
12 27
90 29
35 43
50 88
70 96
62 34
88 49
70 43
89 41
1 33
74 41
86 14
4 48
10 8
30 99
38 94
38 20
64 91
88 37
63 22
82 8
54 90
75 29
51 16
16 24
75 57
54 69
32 67
1 52
80 30
89 72
97 17
89 91
58 27
23 59
88 35
64 20
71 24
64 31
16 76
26 55
62 78
36 5
48 37
70 39
10 6
30 9
8 76
92 29
7 44
86 55
11 52
69 65
59 35
87 9
50 51
68 19
50 75
96 77
95 78
13 31
70 17
92 14
96 37
80 6
96 44
31 3
7 41
8 79
65 33
100 84
46 77
96 47
12 90
69 13
64 10
98 6
51 65
80 73
7 18
49 14
2 39
26 56
29 22
18 29
20 27
70 89
19 90
4 28
13 21
83 24
83 99
75 66
39 55
75 88
50 46
50 7
5 99
16 52
4 5
58 53
26 46
75 9
98 67
31 78
88 42
74 24
5 28
94 6
30 35
2 41
4 42
48 1
8 24
100 97
58 39
38 42
39 33
46 63
64 66
75 30
72 38
72 27
70 61
62 77
2 18
95 67
87 74
87 61
66 73
40 80
1 96
1 57
51 28
72 55
12 40
100 85
2 16
89 37
92 29
66 90
5 13
59 31
68 13
40 41
15 60
36 28
87 24
70 56
49 55
90 20
76 42
64 88
96 52
88 77
100 39
37 47
46 24
1 91
34 24
100 27
64 35
65 78
39 17
46 74
64 26
75 90
100 83
76 17
13 6
36 60
35 27
45 7
77 39
50 39
45 27
86 16
46 13
51 29
4 88
15 89
40 90
83 94
82 30
19 41
95 76
5 21
62 8
1 44
46 58
60 55
84 98
68 29
38 93
72 67
80 27
70 42
83 20
68 94
40 57
51 18
53 42
87 94
4 34
2 53
77 13
29 42
14 53
23 31
48 38
32 79
91 22
66 79
62 85
23 49
96 98
75 66
36 4
80 55
97 3
88 61
1 66
75 44
66 18
72 79
71 39
15 87
82 88
44 24
14 74
79 61
86 57
13 78
16 78
9 17
100 9
15 89
11 98
71 77
87 24
49 32
40 47
86 67
49 76
78 41
39 9
5 77
88 32
75 67
30 52
66 49
1 39
40 8
48 28
3 56
1 51
51 47
78 24
20 6
36 59
74 90
92 46
45 52
3 24
95 30
36 51
30 3
75 8
23 61
88 77
97 3
11 30
83 99
16 3
71 60
11 18
85 43
5 46
91 94
69 63
100 500
2 15
56 7
36 31
3 72
44 45
59 62
10 100
73 63
33 87
35 95
40 42
65 79
51 41
22 91
46 97
50 58
92 74
3 38
63 50
82 6
72 89
39 17
5 90
97 98
57 48
10 27
74 92
94 81
95 10
88 24
73 82
95 16
17 85
3 100
64 46
58 75
92 15
91 92
51 31
67 22
17 94
23 55
18 93
96 11
67 20
48 50
89 51
32 25
46 49
49 68
77 50
21 96
72 35
81 44
100 49
20 86
96 33
32 42
41 39
13 80
84 10
41 28
93 52
6 6
93 91
80 6
55 78
85 32
43 100
38 34
16 65
35 41
18 56
9 36
26 95
27 89
82 98
94 5
76 83
69 3
21 22
37 78
77 28
87 34
51 73
44 55
54 26
3 98
78 33
94 17
78 46
58 68
44 69
79 89
30 96
46 13
20 98
91 77
97 94
58 23
79 37
85 59
74 25
43 24
96 41
73 33
8 76
86 22
19 85
76 96
97 24
98 74
60 54
35 6
17 27
44 76
40 97
34 32
5 66
77 87
77 2
20 66
52 85
33 99
10 2
26 17
50 32
40 49
59 44
20 87
87 53
48 19
28 8
91 58
14 49
59 58
88 30
21 37
91 44
98 98
54 30
8 15
57 49
44 82
55 54
28 10
28 1
12 92
25 60
61 53
31 30
4 79
64 6
17 2
31 68
54 85
26 30
45 87
1 71
80 73
63 15
94 93
13 67
93 36
31 89
95 54
85 47
58 31
93 85
72 55
78 4
51 90
40 49
58 16
37 35
28 40
51 57
94 23
54 21
95 44
32 78
93 100
85 56
48 41
48 6
11 3
68 61
21 22
61 35
83 5
7 9
55 68
72 33
53 18
2 49
68 15
19 21
10 19
6 94
6 43
66 49
53 39
57 50
58 94
45 70
23 63
47 75
9 18
41 62
26 77
32 35
55 89
81 93
51 98
34 41
46 7
98 47
87 22
68 94
30 16
56 62
96 34
79 21
34 19
72 12
46 85
97 58
43 30
31 57
53 95
80 99
35 71
84 89
81 18
14 26
30 40
24 19
40 37
74 75
8 55
41 94
54 86
96 27
60 73
95 44
84 35
57 28
23 65
66 48
4 49
43 48
38 59
84 39
93 67
7 66
36 4
73 55
57 87
26 53
88 99
46 3
86 16
54 66
9 69
86 36
36 46
75 99
44 76
68 70
96 10
98 91
4 56
23 83
17 52
70 80
86 56
7 17
69 50
86 83
89 90
32 73
55 22
83 2
72 92
88 80
16 36
13 2
66 88
74 76
63 76
27 64
15 94
14 56
46 7
29 74
87 42
52 59
83 15
51 4
61 16
44 65
95 14
90 56
29 17
26 29
63 83
24 41
99 17
38 40
16 13
23 84
41 96
50 22
6 65
78 68
5 94
41 99
87 2
6 33
63 64
27 96
90 63
70 69
89 27
4 30
47 37
86 5
25 35
32 92
41 50
31 31
99 42
39 91
18 4
33 16
45 7
84 10
75 51
79 100
74 24
91 79
67 53
27 6
65 12
32 67
93 20
43 10
65 37
94 98
48 66
93 73
94 53
45 17
5 22
33 77
62 34
63 15
6 85
2 18
90 3
25 14
25 21
100 5
15 70
64 66
5 96
76 1
71 48
71 34
45 14
42 31
42 85
1 14
63 78
90 67
80 41
3 12
58 13
5 46
4 45
85 27
48 10
55 47
54 82
48 29
15 67
13 81
16 76
55 44
59 48
58 13
100 86
29 91
2 72
80 18
50 13
8 83
78 27
52 79
82 60
40 6
67 10
16 35
26 51
93 6
90 17
64 39
26 48
8 64
64 25
35 68
58 97
2 42
8 16
39 61
71 84
63 52
41 74
16 78
80 51
67 6
77 31
18 66
4 13
62 59
31 23
40 84
88 94
74 6
12 88
3 25
88 78
88 69
95 33
18 29
12 51
40 42
73 14
15 3
73 74
89 73
17 29
68 9
58 81
52 14
76 91
97 55
79 4
21 94
100 42
70 68
94 54
72 94
39 94
18 67
70 29
29 48
46 38
38 44
19 37
95 56
55 34
80 16
52 36
47 44
98 72
64 53
69 11
69 35
42 49
78 71
16 3
66 85
95 46
87 20
52 21
47 24
100 4
75 8
83 78
18 100
39 48
50 17
6 74
68 69
24 96
12 87
30 6
87 58
81 51
75 29
5 35
36 36
96 10
13 12
11 4
82 58
21 98
94 79
100 100
100 500
14 91
86 98
4 23
26 76
97 2
56 27
34 64
36 89
66 52
35 87
24 15
94 42
79 89
26 20
75 12
88 42
51 44
77 86
90 18
96 72
13 14
88 78
85 25
95 96
49 76
11 15
28 44
53 10
93 5
7 39
53 83
59 34
30 64
36 98
51 23
26 80
84 9
41 27
36 28
70 2
28 1
38 2
42 23
87 91
4 87
36 69
57 71
30 64
61 83
82 92
25 64
40 76
8 83
74 47
28 52
99 30
33 81
77 74
51 63
71 72
53 64
77 5
97 59
97 46
75 22
85 9
75 35
13 62
57 66
88 10
51 12
89 15
65 78
54 19
99 15
59 91
18 42
76 45
32 2
56 52
54 73
80 67
93 49
77 46
21 72
94 52
66 17
33 5
97 42
50 87
79 51
4 34
57 78
38 100
82 45
69 13
46 57
84 61
33 64
28 46
70 62
60 20
28 66
48 23
41 42
81 14
32 9
6 25
17 100
50 25
52 71
46 35
24 83
48 70
86 78
84 47
80 19
16 45
26 70
46 94
92 30
5 27
77 16
93 89
56 23
33 67
44 52
54 39
48 23
97 20
5 78
66 58
77 13
1 45
46 64
78 73
20 23
11 23
22 91
4 3
82 52
86 10
79 5
44 76
54 56
98 42
26 65
63 65
75 42
75 5
80 9
84 65
79 78
20 63
36 46
50 42
89 72
46 14
30 10
21 3
16 44
75 100
83 2
17 100
86 58
85 13
80 62
31 33
15 9
23 87
99 94
33 7
77 43
57 98
14 47
46 47
25 23
93 57
25 53
86 66
27 73
18 10
86 44
48 3
60 75
93 62
69 49
86 63
41 38
3 64
41 45
32 14
36 60
27 76
44 4
49 48
22 39
93 67
12 63
19 9
75 27
94 87
49 65
60 83
79 10
38 67
33 96
31 24
86 52
33 94
80 42
84 42
24 89
82 68
41 66
11 74
60 44
12 74
81 68
84 7
61 14
51 72
99 7
95 39
93 74
11 62
77 33
77 100
96 3
26 13
60 71
42 96
20 62
25 66
75 30
51 1
33 15
38 44
21 26
63 91
46 54
95 72
12 9
21 78
56 17
85 70
93 100
80 53
79 46
58 2
7 87
49 56
97 80
32 73
66 1
84 59
5 64
56 98
51 29
54 3
46 47
20 88
66 70
63 30
48 91
97 39
82 91
32 39
35 44
5 91
67 88
21 4
44 17
86 61
35 61
12 9
81 96
75 59
35 63
32 29
12 59
51 59
97 78
83 3
67 29
31 35
18 32
50 60
49 89
77 61
40 15
75 46
85 12
56 35
97 68
22 62
100 98
60 34
5 72
80 67
69 52
18 97
95 14
79 69
79 18
5 2
90 57
15 74
74 73
57 91
24 92
66 55
35 20
26 84
16 70
67 92
90 15
93 30
99 88
57 76
97 13
94 72
84 19
48 61
40 49
21 66
77 79
69 66
99 58
79 59
57 43
50 69
49 66
21 28
60 86
28 79
22 29
80 39
85 58
67 9
97 88
83 52
40 85
84 64
38 68
55 52
37 61
44 34
99 8
99 74
86 81
41 80
89 14
28 86
90 96
8 81
33 44
54 58
60 73
69 5
84 45
99 92
48 5
90 61
97 87
42 55
16 56
8 85
98 13
16 55
8 68
31 52
60 73
54 19
66 63
6 89
11 74
25 35
58 71
31 23
66 78
11 12
99 64
95 9
24 96
29 45
97 17
48 47
64 45
12 10
32 78
82 17
56 34
25 32
6 42
24 18
79 27
54 65
68 47
81 71
88 47
85 94
35 78
28 74
50 95
86 57
90 99
86 69
58 55
15 59
16 67
37 25
56 70
12 73
60 43
20 87
66 9
65 27
90 63
87 64
100 39
18 12
67 87
5 10
69 65
41 62
56 4
84 19
79 22
75 48
85 61
12 4
95 70
7 78
6 86
63 64
4 78
75 73
41 56
48 2
40 44
23 2
37 22
1 70
19 98
44 96
1 68
53 71
21 58
92 62
35 47
54 89
31 76
4 43
7 58
26 84
84 44
65 22
81 52
16 32
80 23
95 53
93 4
100 43
46 78
16 87
66 30
3 62
76 62
98 45
60 19
32 23
24 79
38 80
95 65
13 72
93 98
1 91
56 67
92 94
48 100
90 43
77 20
56 71
21 74
14 70
57 32
38 35
13 70
77 27
99 74
97 34
30 27
8 72
33 98
49 73
20 52
85 34
97 29
56 42
100 500
68 42
68 21
64 81
6 14
81 11
95 45
67 61
51 28
74 13
75 13
50 75
67 94
23 48
43 32
28 23
84 29
24 56
99 16
20 40
75 53
90 10
2 82
54 53
33 40
39 97
77 97
86 34
59 34
7 47
94 31
30 1
28 42
60 91
44 17
92 32
83 24
17 13
37 22
43 72
7 42
64 89
44 59
78 61
63 65
68 35
46 38
80 21
75 13
90 15
95 8
50 17
60 10
37 10
7 78
41 10
80 40
35 53
7 4
77 63
36 3
95 93
57 43
11 40
43 54
67 85
57 84
83 33
57 37
37 17
64 90
50 48
86 92
50 79
43 76
80 78
18 21
41 24
64 78
64 75
96 22
94 26
71 40
98 73
28 72
74 70
31 1
80 69
20 47
47 4
2 22
95 7
15 19
23 21
37 28
33 19
95 91
85 38
43 80
31 1
50 18
86 100
44 48
36 100
22 20
5 97
74 42
45 52
5 52
50 14
63 53
64 27
96 7
96 21
98 28
57 39
9 38
60 3
88 72
44 78
45 52
57 25
25 60
45 30
90 40
20 91
84 32
45 13
96 7
68 87
80 79
34 65
95 45
48 97
51 26
89 97
59 88
41 48
2 13
36 19
80 8
76 19
27 56
95 4
57 73
5 18
41 42
81 35
58 73
89 79
17 39
77 45
20 53
29 65
44 31
57 25
88 62
75 47
74 58
83 29
11 85
28 18
46 54
94 72
39 40
60 75
86 22
90 98
55 36
17 58
44 55
84 49
55 21
11 93
96 52
51 19
83 85
84 67
95 76
95 60
94 22
66 49
20 15
80 49
98 7
84 27
93 19
12 55
63 49
58 47
89 60
46 19
7 61
71 69
46 20
52 49
17 91
90 92
91 1
73 32
91 40
94 35
98 9
31 5
88 23
74 26
63 70
90 98
15 12
15 11
20 17
83 76
51 3
84 68
60 48
31 99
64 33
38 4
22 12
77 54
92 82
15 28
48 65
5 65
32 4
98 76
46 1
57 69
99 21
56 10
68 1
89 16
35 97
83 71
64 6
51 70
77 79
27 4
50 10
31 9
90 77
36 47
22 5
96 36
100 97
94 17
45 92
94 75
76 1
86 46
31 12
44 77
35 82
57 55
83 42
94 8
44 98
6 33
14 53
28 16
73 11
50 65
87 53
48 19
22 100
51 3
82 3
50 38
83 1
68 63
46 98
20 25
74 24
84 33
90 54
23 19
55 61
63 61
74 23
33 48
94 69
27 10
86 43
22 10
84 99
3 100
64 22
84 90
12 87
87 34
93 13
66 38
76 71
20 88
15 49
96 73
82 34
95 45
64 25
50 79
99 55
34 97
58 62
84 40
20 13
68 80
43 51
63 4
27 7
58 1
33 47
17 58
44 21
59 16
63 78
31 27
44 23
59 45
44 79
45 13
92 48
51 62
22 34
99 70
96 79
67 58
96 49
90 7
88 58
2 25
73 49
78 8
94 91
34 23
50 69
80 34
25 14
70 10
71 19
74 23
58 35
38 100
37 97
59 73
78 47
85 91
72 42
24 79
76 48
61 48
96 87
90 82
85 1
98 47
39 80
51 89
20 8
41 30
92 23
51 100
86 29
93 36
44 30
98 77
49 4
83 81
81 29
73 75
92 36
67 3
74 43
50 16
9 77
61 21
94 50
16 34
3 100
89 42
9 63
70 8
64 65
86 76
93 4
41 97
59 97
93 1
49 14
76 32
58 35
14 97
29 36
41 26
3 1
39 26
67 40
37 18
17 54
94 69
5 97
94 81
88 85
73 76
60 40
76 49
35 65
46 91
31 17
51 52
71 61
81 7
45 85
40 65
54 76
10 49
6 38
10 71
46 59
27 54
46 61
6 36
84 91
12 13
64 9
46 18
89 3
88 28
74 9
63 10
29 78
57 61
54 36
96 25
60 87
57 85
43 48
76 30
66 55
24 14
94 59
44 3
100 13
77 40
84 70
83 32
59 33
67 83
66 48
67 85
32 71
68 63
46 3
6 48
88 39
95 14
58 10
45 61
92 89
39 35
95 15
90 24
71 21
100 1
41 49
2 53
86 91
15 12
30 10
12 65
31 4
55 62
36 69
98 79
22 9
75 19
57 38
5 14
87 36
10 3
94 14
25 71
60 26
95 1
83 24
41 63
88 81
66 34
69 19
74 15
44 68
59 54
27 93
77 3
96 15
86 68
57 77
39 42
84 21
5 63
11 28
99 14
64 98
100 500
89 58
2 68
40 63
24 67
23 13
76 78
29 96
10 66
16 65
49 23
47 51
3 56
20 41
63 20
28 94
72 15
87 76
94 64
18 75
46 57
93 28
22 15
60 71
16 4
60 81
21 84
31 20
25 44
49 84
15 30
16 80
84 25
61 67
85 90
40 85
86 83
52 29
40 11
14 38
29 84
43 99
4 18
75 79
31 4
91 70
32 57
98 74
74 73
1 68
66 6
76 93
74 36
79 50
38 37
21 99
3 91
6 93
57 67
59 43
47 38
82 56
77 13
42 43
36 15
52 74
31 49
22 93
4 44
56 76
49 13
81 41
18 33
77 22
81 66
45 49
51 21
11 27
30 81
77 95
31 64
57 75
71 58
88 43
18 2
88 38
84 68
18 63
56 43
35 59
48 77
82 14
76 1
53 37
96 49
6 9
4 18
7 65
4 82
80 26
70 92
79 58
18 63
59 10
11 61
55 86
21 2
48 4
88 28
71 93
83 45
29 15
7 69
17 16
58 28
66 49
62 29
45 43
7 95
75 60
16 73
26 97
6 61
98 88
41 5
8 67
12 91
38 13
95 25
92 92
34 53
86 60
42 47
28 3
76 1
51 91
71 42
50 26
69 1
66 64
69 89
20 95
21 78
14 85
74 90
27 2
26 82
54 87
61 88
44 91
74 28
63 32
83 84
2 74
98 47
83 20
30 42
11 2
83 38
36 87
37 37
74 4
50 68
29 36
44 97
33 31
86 43
18 45
42 24
47 12
94 3
49 17
53 64
65 45
51 17
75 3
61 52
41 17
6 28
37 65
82 3
44 92
11 88
94 23
72 33
11 28
37 34
18 19
23 49
40 26
75 76
85 15
39 17
48 40
73 13
82 27
1 49
99 34
30 63
88 86
26 53
18 43
8 2
57 54
56 47
63 78
24 92
64 1
87 88
55 73
30 54
71 14
46 45
93 81
18 71
72 42
13 56
72 47
47 77
81 55
96 47
90 20
39 3
48 37
74 75
95 15
85 14
72 47
71 84
89 73
15 72
25 99
84 5
73 83
89 81
52 54
44 73
94 43
7 39
24 98
1 10
19 39
22 57
25 31
21 93
41 92
22 10
12 19
59 41
62 98
31 54
3 23
26 1
82 58
83 68
33 36
17 86
96 21
74 39
73 65
54 33
74 45
9 4
60 30
21 55
49 53
29 49
19 61
3 52
89 45
80 57
60 75
92 68
31 65
52 27
28 31
96 67
79 63
16 68
34 15
32 44
98 16
2 74
97 43
48 89
75 2
71 31
84 12
36 15
15 26
86 43
84 86
41 84
35 57
8 19
43 68
71 83
95 48
48 15
99 49
14 12
62 3
47 17
74 40
65 31
6 45
49 13
39 56
53 73
93 1
78 55
92 87
83 39
31 10
87 83
18 47
36 100
81 37
40 35
32 90
57 24
33 4
61 7
66 93
8 74
85 84
52 44
11 24
100 90
26 33
6 42
75 19
68 38
88 69
87 78
93 7
48 50
65 44
74 65
33 80
68 28
2 15
84 47
71 66
12 55
100 74
88 99
63 3
10 86
55 5
22 71
37 5
11 13
72 98
58 86
69 3
86 46
97 62
24 36
62 26
31 28
55 12
11 35
83 29
17 21
39 36
67 96
87 37
17 35
81 94
36 62
85 91
99 2
70 16
68 38
46 12
61 84
77 93
51 73
41 87
82 26
81 67
53 19
13 30
54 86
89 53
95 57
80 6
93 68
96 48
14 11
30 51
96 59
67 94
100 51
21 32
12 30
31 11
24 81
38 62
70 76
59 45
19 44
62 84
47 85
100 11
84 87
46 33
52 25
37 35
40 24
18 99
74 67
39 66
92 74
28 92
92 16
37 10
74 55
29 1
42 90
49 21
38 72
30 1
22 99
12 14
14 2
41 63
36 35
27 79
98 94
99 89
75 21
23 64
65 94
5 100
35 25
32 59
89 64
39 17
71 100
9 72
2 58
37 8
78 59
93 42
99 95
94 11
63 83
68 16
25 41
4 52
15 86
48 67
2 83
5 44
66 22
83 77
40 9
67 40
65 87
60 93
28 73
56 17
21 81
31 63
100 53
79 68
37 55
33 77
49 61
40 9
72 96
68 51
3 44
58 81
57 33
58 40
42 58
75 13
100 62
71 93
63 24
27 88
57 63
63 59
65 83
33 42
16 20
66 51
8 97
81 63
39 39
21 92
47 79
76 22
66 59
60 75
70 40
83 98
69 29
100 500
88 65
16 51
53 51
5 4
6 2
67 69
42 19
8 94
20 9
35 34
92 94
81 48
71 8
90 24
12 11
6 41
58 32
33 84
33 99
24 100
89 18
34 40
90 62
2 16
97 84
60 76
5 95
20 10
25 45
30 21
93 79
52 10
64 38
39 44
36 29
71 7
88 34
35 40
5 78
87 15
5 12
64 66
47 94
35 34
63 87
13 68
2 9
73 2
52 57
55 78
99 35
71 85
2 55
51 49
63 27
59 2
36 60
75 96
23 96
42 24
11 29
69 8
17 45
52 93
12 94
80 76
52 51
38 19
83 50
19 54
75 24
14 86
35 19
34 31
75 32
87 45
95 48
81 24
52 79
90 4
39 48
3 77
86 22
45 23
62 4
32 84
13 22
75 87
63 43
51 8
26 41
62 22
98 70
40 84
75 22
66 16
78 22
52 55
1 34
6 22
35 11
35 15
59 85
33 36
80 51
98 96
88 69
47 19
66 19
1 24
77 43
56 28
92 91
23 85
35 10
51 96
47 68
72 14
44 91
20 56
41 91
73 8
59 83
65 84
64 31
32 23
73 54
6 53
83 66
33 83
88 98
73 96
35 97
30 7
61 100
15 96
72 19
73 88
33 49
86 70
33 72
60 8
20 69
5 35
67 94
73 49
20 98
83 98
57 86
60 45
65 100
26 98
53 45
31 96
11 86
20 98
8 84
64 83
67 11
23 14
50 46
89 68
65 4
16 98
90 76
88 15
1 79
51 18
17 65
19 55
80 81
45 94
95 76
53 18
23 74
85 68
58 34
52 96
80 37
26 82
73 44
19 28
73 78
47 23
60 48
95 76
13 96
36 96
83 40
55 96
34 14
2 39
99 1
89 94
92 76
3 32
2 4
92 33
27 31
25 69
53 76
38 98
83 21
53 46
17 43
80 11
95 93
73 41
87 84
81 79
30 51
66 40
62 61
62 60
12 61
58 15
76 68
73 21
17 21
20 62
31 9
90 43
12 8
89 4
56 23
90 57
5 94
7 76
58 6
5 36
69 78
73 33
2 39
87 16
38 60
82 22
83 15
53 44
30 14
60 84
88 67
17 38
94 9
7 16
80 55
7 32
56 21
89 67
53 60
36 40
56 87
19 13
90 95
99 37
87 52
8 91
67 54
89 22
8 29
72 42
5 42
71 37
80 42
26 39
73 23
44 18
88 12
2 67
32 15
71 87
39 48
48 61
73 83
31 76
64 55
89 31
5 86
54 22
7 18
7 57
88 76
30 37
65 62
89 8
42 4
67 32
73 43
80 52
9 84
47 46
92 80
55 9
66 29
67 29
5 53
19 14
16 46
77 84
88 36
64 27
5 30
64 61
71 70
38 62
63 71
74 98
69 32
52 31
33 40
17 87
62 8
82 94
71 7
61 46
1 91
17 30
20 51
54 68
58 13
95 21
88 38
7 95
83 70
92 64
34 16
56 4
63 21
23 55
90 61
66 40
49 74
26 60
23 50
55 76
92 77
63 11
35 93
67 8
43 14
73 69
77 13
93 49
39 27
58 72
52 19
30 67
46 78
81 29
45 46
41 85
14 100
53 8
92 38
33 60
73 77
8 100
25 89
1 98
33 62
30 8
43 96
99 52
52 98
53 57
56 62
90 70
73 62
37 34
52 23
32 61
33 71
85 84
86 78
86 29
95 13
100 79
33 21
88 75
90 11
47 48
83 62
17 18
12 21
36 91
47 65
75 61
16 94
90 72
99 31
88 60
2 85
81 86
64 100
6 97
67 45
52 62
20 74
93 55
27 86
32 82
44 23
19 50
27 78
64 30
80 18
94 11
26 49
24 84
89 67
35 12
44 34
59 55
47 52
36 93
30 86
6 95
33 36
38 69
53 32
26 34
29 100
72 22
24 45
44 40
48 14
41 99
33 10
72 70
49 46
90 15
30 14
24 86
78 22
59 67
48 40
35 93
29 28
59 44
7 1
99 90
63 2
60 23
2 68
26 35
36 14
60 40
87 91
77 9
65 49
53 93
32 40
4 84
58 100
55 18
56 52
81 78
51 4
37 66
41 84
36 54
38 59
19 98
6 66
80 38
63 78
92 69
23 48
88 15
20 12
34 16
99 81
31 46
67 11
56 1
29 84
37 100
62 16
6 53
47 99
25 71
59 32
89 69
10 74
58 51
25 81
58 16
72 98
89 77
35 1
67 45
63 79
62 45
58 89
88 14
41 86
75 7
67 13
33 89
2 4
20 4
100 500
53 59
35 34
76 99
48 22
83 73
21 27
44 72
79 87
96 98
22 31
79 83
54 62
95 93
52 29
32 51
41 27
12 46
84 98
60 48
16 59
9 73
81 84
87 27
69 39
12 27
23 13
52 30
5 64
29 76
38 27
18 5
22 31
93 19
90 16
61 59
83 85
39 19
25 13
60 12
53 75
43 49
32 98
5 12
8 46
8 88
47 24
5 7
50 91
39 68
48 10
24 92
37 82
81 84
54 79
58 39
18 82
74 87
25 81
59 100
19 3
20 14
32 71
9 5
62 2
33 7
62 76
15 7
32 66
36 38
84 49
29 48
44 3
96 40
88 12
12 22
8 63
36 6
10 82
14 49
51 12
93 70
51 67
34 90
94 87
69 80
35 16
65 88
50 12
62 85
25 22
70 34
57 17
78 31
85 73
84 73
67 12
1 63
83 77
61 45
88 76
28 26
25 23
8 19
43 38
50 57
74 22
34 75
20 48
10 63
17 2
22 100
24 68
24 92
17 46
20 97
71 64
42 73
48 96
54 92
99 11
36 97
93 2
17 46
14 77
70 16
51 2
33 17
9 27
15 89
37 96
12 7
52 72
90 11
25 66
89 12
61 67
84 68
54 88
36 53
69 90
29 47
70 64
7 75
56 87
25 91
56 28
29 43
69 58
53 64
29 35
93 66
5 59
21 39
80 59
52 86
46 98
32 46
66 84
28 96
70 64
35 91
37 45
8 73
94 38
47 17
66 34
6 60
93 66
24 22
55 46
89 79
13 68
22 2
69 18
41 63
44 90
21 80
62 42
77 41
67 99
37 86
72 47
37 77
31 2
28 75
20 9
61 26
54 8
66 19
36 86
89 45
48 34
65 100
6 76
12 57
94 77
18 47
63 92
51 50
28 10
81 24
17 73
100 19
13 19
35 16
83 31
1 3
21 78
70 10
51 80
37 7
61 82
70 7
35 11
45 27
65 75
70 80
44 23
36 6
24 80
14 84
60 94
65 7
6 9
48 13
69 64
53 13
81 24
48 53
54 47
37 49
45 3
17 92
79 41
52 39
61 87
12 41
90 100
21 83
93 57
50 73
12 77
70 97
70 26
32 9
28 63
95 1
10 17
4 98
23 19
97 31
10 4
52 6
94 5
10 100
36 49
5 13
43 50
44 53
65 46
79 59
89 37
38 16
86 90
77 57
43 72
81 72
26 97
15 42
40 27
77 80
45 46
96 73
52 67
95 63
6 1
51 87
21 40
50 63
28 49
5 17
29 64
84 3
61 3
8 6
93 85
61 67
29 61
29 96
34 2
32 21
93 91
52 47
48 50
36 44
93 85
13 78
69 63
19 98
52 36
9 23
77 2
52 14
20 1
9 92
45 78
82 4
70 38
95 87
43 76
62 53
95 35
14 92
36 69
53 73
88 22
84 24
71 45
53 49
55 78
44 71
74 98
88 76
36 94
87 100
29 47
8 58
34 92
52 24
88 63
6 25
51 59
54 76
71 78
62 58
52 28
38 98
34 63
18 10
65 40
88 42
25 31
64 27
38 19
69 99
93 5
40 82
32 92
84 91
42 17
44 83
45 42
6 64
9 11
37 97
44 68
64 78
83 87
8 35
77 73
60 38
67 13
24 49
61 75
14 35
69 58
56 87
90 59
18 16
26 46
14 22
37 11
1 85
62 92
74 87
44 57
20 1
51 68
52 35
21 46
90 41
76 11
79 91
1 11
51 97
32 76
62 19
97 2
53 12
69 33
52 58
45 28
48 12
16 31
14 49
65 71
79 1
77 16
66 64
65 87
89 12
39 24
84 22
52 100
60 79
6 28
48 9
62 66
55 68
76 17
81 64
61 10
23 68
82 3
84 68
64 16
35 41
88 22
79 12
44 83
60 12
14 98
83 4
71 63
62 88
25 64
24 27
60 88
60 64
17 75
44 26
10 76
87 46
8 22
44 94
70 35
69 67
67 55
16 59
51 2
33 51
62 100
74 91
43 40
83 87
12 16
15 98
81 7
16 49
83 91
57 31
23 78
51 27
65 99
44 42
74 38
29 48
95 16
6 23
67 55
38 17
93 45
45 99
89 56
29 2
28 12
83 27
81 68
93 20
33 100
91 92
10 22
29 18
12 77
67 34
32 23
41 19
52 36
18 66
69 96
45 28
72 97
23 16
39 97
31 2
38 34
83 27
21 50
39 28
58 72
61 9
70 12
65 21
100 2
9 82
56 64
51 2
65 85
65 10
71 97
100 500
77 47
59 49
9 82
99 97
66 9
75 92
47 80
17 96
86 20
93 29
40 67
100 78
100 40
66 46
55 36
24 6
88 73
33 17
35 36
43 55
84 3
6 89
35 89
91 3
94 91
23 17
15 31
43 10
95 47
95 38
15 88
28 83
30 6
76 73
49 15
5 31
46 99
36 85
44 16
39 51
48 60
47 56
80 42
18 100
86 73
65 53
86 12
15 23
85 88
100 34
22 1
76 26
94 46
38 88
25 45
84 49
73 44
79 58
54 15
56 57
100 44
86 49
47 34
11 51
2 93
75 65
59 66
69 47
52 20
97 34
44 18
14 84
64 67
63 79
77 30
21 88
68 91
3 60
61 41
39 80
19 94
98 54
90 63
60 62
21 49
65 5
42 30
54 99
4 71
67 15
88 26
31 6
60 46
75 60
21 36
26 49
85 49
79 43
12 52
10 68
54 6
88 93
73 11
43 87
72 37
30 65
74 87
83 51
5 37
52 48
35 89
48 60
27 1
99 31
54 54
77 14
35 10
44 47
84 72
5 98
43 95
41 74
28 4
11 91
77 3
82 4
3 49
83 8
38 73
45 45
92 44
72 22
20 27
75 64
38 86
46 80
79 17
2 100
69 80
38 96
14 2
34 87
3 1
5 82
68 63
49 16
59 100
94 45
89 95
67 57
59 49
80 77
32 44
8 13
27 99
89 8
5 3
81 1
5 15
25 27
62 21
78 21
30 7
78 85
18 81
39 75
39 83
7 12
14 9
1 24
45 44
36 28
78 87
55 20
34 36
57 71
74 79
12 90
21 28
59 38
74 81
1 23
96 47
9 12
61 24
66 2
86 57
48 13
80 80
51 51
11 56
8 23
43 96
24 47
1 52
5 72
32 49
54 66
66 34
8 93
79 93
82 63
10 85
10 92
85 63
96 13
82 66
2 39
7 85
82 52
89 95
10 9
70 10
60 2
8 24
75 25
29 78
24 89
98 23
34 87
46 61
32 54
60 88
47 100
2 51
47 30
91 14
13 79
45 40
15 39
5 18
54 32
95 41
63 21
82 42
24 82
91 5
46 19
57 19
39 20
69 9
50 57
36 70
36 5
92 65
75 34
26 13
54 19
43 11
96 74
63 1
75 58
93 47
49 19
86 70
61 77
81 22
20 75
87 6
56 60
1 56
97 50
30 75
20 50
76 46
97 36
58 10
2 48
4 31
50 51
57 55
67 44
26 83
83 8
31 17
83 74
14 1
82 91
59 37
70 90
65 79
41 86
82 74
20 22
46 58
7 37
58 74
8 2
22 70
36 28
18 18
6 27
18 83
65 42
36 40
93 43
80 46
2 97
81 60
42 8
20 100
92 39
74 26
98 96
50 15
63 12
51 64
98 59
98 59
20 18
48 7
48 10
80 78
4 30
9 46
29 15
48 70
34 70
72 42
74 50
23 48
60 52
5 98
14 10
2 34
65 79
65 25
13 44
29 50
12 21
52 1
1 46
73 58
85 26
96 95
54 2
46 32
43 53
94 16
13 44
74 38
72 26
36 21
100 64
53 30
85 84
9 12
85 97
81 22
3 83
64 97
15 95
70 5
30 18
89 34
44 49
50 73
74 8
50 7
69 9
76 15
5 9
31 4
50 48
76 10
14 22
84 82
16 34
8 78
61 5
73 8
22 69
100 100
95 8
87 99
47 52
62 42
58 43
34 47
31 62
20 83
32 72
36 77
25 91
45 71
89 87
97 26
50 45
36 59
41 53
53 74
5 34
8 5
44 25
67 19
94 50
91 58
50 57
87 59
47 25
89 97
86 38
13 18
72 71
47 48
47 58
69 46
78 31
66 95
15 4
56 63
8 50
93 10
2 44
3 59
58 42
21 25
33 78
11 21
3 24
76 99
82 4
3 85
47 75
58 63
11 98
87 70
20 5
22 97
49 69
54 99
46 68
51 62
55 100
3 81
63 52
49 70
67 98
12 63
82 39
48 42
55 9
21 14
14 48
29 65
81 16
53 64
17 70
32 75
38 37
8 61
4 77
74 99
79 41
60 53
44 31
43 14
16 76
49 6
92 42
24 73
45 83
34 67
60 15
11 37
23 75
2 51
60 95
99 50
75 84
3 97
49 69
70 81
49 81
29 70
58 40
36 26
70 36
43 68
11 44
100 81
54 19
40 66
56 54
21 98
31 4
22 49
26 22
69 25
86 80
92 69
59 16
97 21
10 57
30 79
63 88
70 15
58 89
89 58
47 78
100 500
35 65
37 11
93 99
64 3
39 30
71 76
14 3
59 37
2 6
74 14
20 90
15 76
99 76
45 83
44 91
56 12
19 14
25 84
79 64
61 64
25 26
47 26
94 56
64 100
74 56
68 39
17 39
41 64
35 99
70 84
44 32
82 3
12 85
4 41
38 48
4 33
48 86
94 72
93 30
78 54
84 98
25 79
71 18
30 28
71 82
95 23
81 10
24 44
94 10
74 78
40 41
97 11
24 87
95 60
35 22
4 79
70 15
48 90
56 10
45 51
84 12
17 60
8 24
68 81
56 29
74 18
35 9
57 42
45 82
41 7
18 52
56 92
82 22
44 12
24 60
74 88
48 90
54 6
74 58
27 81
27 79
53 99
75 81
56 1
11 36
95 1
38 25
35 79
57 79
56 10
48 85
83 18
73 50
94 67
40 50
24 38
57 92
33 36
73 68
59 47
55 100
47 9
38 29
95 50
38 54
62 63
65 39
86 60
94 15
38 51
40 90
39 66
70 96
24 5
11 87
19 3
61 43
8 40
83 1
78 57
73 29
100 60
78 49
47 80
33 31
16 44
14 37
54 19
20 99
4 32
78 34
4 54
54 100
12 46
55 89
35 21
13 98
78 2
79 85
27 100
56 39
40 77
72 89
45 35
57 39
34 93
14 12
45 40
13 72
8 61
24 77
83 62
17 7
8 100
95 66
49 53
84 52
77 81
83 79
5 18
69 26
69 37
8 56
19 15
99 86
14 10
23 35
94 27
78 20
17 68
56 89
20 92
29 3
17 69
31 2
51 91
39 90
11 64
71 91
39 46
77 13
42 41
49 25
22 86
87 36
77 21
71 22
78 47
24 35
49 87
70 25
1 76
57 77
88 89
95 16
65 72
99 96
54 10
61 75
6 72
8 42
62 92
50 47
16 3
86 15
89 28
53 11
71 25
97 67
57 5
20 66
21 66
99 28
21 58
44 5
56 53
6 89
45 26
78 80
99 96
40 84
25 13
67 75
6 10
78 95
16 35
7 15
56 26
18 76
73 37
38 31
57 62
19 89
62 90
74 19
73 50
11 13
83 85
78 6
73 18
45 90
74 51
75 13
86 36
81 9
77 31
55 10
85 100
45 51
66 92
49 32
37 80
93 90
71 90
17 57
11 5
88 92
83 47
27 100
45 42
24 38
90 63
44 62
59 2
8 13
65 92
26 58
84 87
38 47
17 58
29 90
87 32
95 65
61 30
37 81
45 90
41 11
53 79
34 100
95 96
14 7
16 40
86 43
8 5
49 25
14 87
61 51
53 14
44 14
46 80
74 41
35 87
4 11
50 15
77 72
70 57
22 10
37 10
87 30
78 80
75 47
51 36
8 82
50 52
73 23
4 85
70 100
11 91
83 39
50 42
82 76
96 10
91 92
16 40
48 11
16 5
38 41
88 52
39 98
37 6
48 31
19 35
94 63
12 63
35 100
4 67
16 18
4 46
20 12
54 75
91 63
40 11
33 75
86 15
48 86
83 29
59 6
100 58
94 88
37 99
57 51
97 77
23 52
57 14
97 44
4 14
52 92
51 89
61 13
24 61
18 10
54 80
48 39
73 60
31 30
77 44
37 66
77 7
69 36
15 18
7 43
79 91
17 68
56 28
71 46
19 13
40 85
24 20
34 18
50 42
65 21
37 7
33 58
41 32
69 13
78 14
88 65
16 9
5 9
55 91
73 18
46 86
41 5
95 97
22 28
35 93
44 12
42 96
71 47
38 61
97 72
1 9
73 85
45 54
73 55
18 9
55 54
48 31
68 85
55 2
25 92
67 5
74 13
17 57
98 43
40 82
4 97
97 100
50 47
75 87
55 59
83 37
14 21
81 9
84 87
61 60
25 26
61 28
23 90
80 58
41 80
97 77
17 76
15 58
8 54
73 99
93 91
27 6
94 36
55 44
41 80
74 64
49 66
38 47
14 75
45 34
57 63
34 63
59 51
39 43
56 67
67 32
45 71
54 91
61 65
8 47
67 89
49 48
47 32
73 29
65 99
84 22
39 91
87 96
99 76
77 65
62 80
45 21
16 81
54 46
64 60
75 90
62 32
4 2
37 47
55 76
81 66
79 76
93 29
42 47
72 81
83 69
12 36
49 13
8 16
51 96
67 39
49 98
29 21
8 100
68 85
54 36
44 76
68 29
97 51
6 66
25 65
46 89
94 1
8 83
64 92
67 32
14 86
2 5
77 29
60 30
74 55
78 12
46 98
97 37
100 500
32 92
72 46
77 37
50 5
10 47
42 69
76 44
73 9
55 82
53 61
78 64
41 26
27 68
14 6
43 86
20 59
57 17
98 75
71 50
56 14
69 10
40 8
96 38
45 89
79 30
41 99
4 8
13 60
95 26
4 95
61 17
84 87
47 74
45 86
55 15
81 59
96 2
69 51
18 87
29 92
54 78
69 99
1 31
14 21
24 15
83 40
35 40
1 58
6 44
91 95
84 83
13 70
98 2
97 34
68 70
57 3
79 7
80 36
40 99
3 82
54 33
81 24
41 44
75 15
54 51
75 94
34 26
44 96
89 46
47 48
5 85
55 67
36 21
26 17
2 28
69 60
31 25
7 51
3 61
22 85
55 63
18 53
32 58
80 9
13 51
71 55
92 96
91 67
63 58
39 51
19 92
69 82
26 28
93 38
63 28
47 44
62 82
41 58
6 21
49 27
98 8
97 34
97 21
57 29
65 68
15 61
92 15
77 39
14 52
73 34
22 66
95 68
3 38
77 72
62 88
30 36
22 23
90 46
8 94
99 87
42 66
98 96
22 60
20 37
22 50
16 62
73 8
60 11
54 82
42 10
50 43
33 28
79 48
32 8
16 31
98 51
75 20
30 65
15 2
7 38
20 58
15 100
48 40
16 73
48 37
4 36
23 92
4 44
98 6
26 51
6 86
24 86
38 12
35 74
14 93
48 8
14 24
75 40
24 46
42 10
40 46
77 96
71 84
32 82
91 96
91 3
27 19
10 78
74 83
43 25
47 39
74 89
76 24
91 49
22 10
51 87
97 84
34 58
84 59
30 64
88 59
45 24
64 59
29 59
7 95
34 85
66 51
7 85
57 20
7 70
27 37
75 51
51 58
45 46
97 59
39 44
93 20
95 52
19 92
29 4
19 86
74 70
22 51
71 21
49 59
33 67
35 7
31 99
36 11
42 94
54 62
19 34
6 88
48 58
75 8
92 59
57 53
73 26
14 45
35 96
15 70
64 82
54 65
23 99
27 99
76 64
98 80
45 84
79 26
66 93
18 4
32 94
75 26
41 100
95 92
35 77
47 64
13 46
78 51
1 96
45 11
71 94
1 94
27 83
56 88
22 65
69 17
27 26
13 62
65 44
86 2
7 90
7 31
56 52
27 62
22 15
63 85
54 33
55 79
57 83
30 72
20 37
3 46
44 86
53 28
54 83
50 8
55 48
65 64
68 70
40 21
95 8
4 43
8 28
48 63
22 77
14 74
78 25
83 40
14 44
23 31
65 59
31 9
44 58
11 2
45 96
81 90
33 8
34 58
35 48
57 68
44 25
41 86
47 99
92 64
52 28
66 44
97 84
83 15
42 95
35 27
68 70
51 59
73 86
32 7
80 12
54 21
32 37
62 28
81 38
80 8
55 24
97 51
100 82
33 86
12 46
57 59
42 72
55 53
49 12
95 25
91 25
76 37
78 96
20 21
22 20
42 94
44 58
98 28
97 41
1 82
62 99
68 11
86 2
53 87
95 93
56 58
22 95
75 96
66 65
79 32
57 44
30 62
4 37
30 65
45 7
33 13
50 84
55 8
36 84
41 19
7 15
50 21
18 14
23 5
54 37
18 24
54 64
35 94
6 64
48 94
78 85
48 53
35 67
77 67
49 39
89 17
97 25
35 74
17 58
72 24
96 46
97 4
20 28
10 78
27 48
42 49
47 72
16 81
49 12
13 28
35 20
42 98
6 86
91 80
62 46
41 19
3 61
2 59
35 40
30 82
50 95
63 82
73 92
32 24
67 82
1 48
49 74
42 26
55 10
41 36
76 68
34 12
62 64
16 64
8 5
15 20
63 26
69 49
65 31
80 99
27 46
41 12
95 58
56 87
3 87
32 89
76 63
54 63
93 89
42 81
3 24
29 51
35 8
13 59
73 53
14 66
33 39
45 40
66 95
91 39
80 87
19 34
60 99
13 94
67 59
14 24
7 64
97 7
60 61
16 49
76 84
7 93
10 38
39 30
89 87
95 9
76 59
76 3
98 70
32 9
100 20
13 39
76 21
91 59
79 53
98 69
1 79
100 88
54 65
39 38
39 31
50 26
95 17
52 93
6 63
78 20
16 56
98 60
49 40
56 86
39 19
43 37
45 63
15 28
23 11
47 27
69 80
33 61
3 87
35 95
50 61
55 86
4 68
28 94
35 70
57 28
54 15
84 64
57 80
47 89
31 5
54 80
91 76
16 5
23 86
1 35
78 92
65 80
66 6
100 500
56 18
46 24
12 78
3 11
92 54
51 69
18 59
69 86
95 82
95 30
30 49
44 48
94 88
62 66
81 36
19 37
39 53
61 50
9 36
29 26
36 6
100 68
19 4
99 80
11 34
66 18
46 76
57 76
97 48
57 42
62 82
61 85
64 88
70 13
15 95
60 64
81 49
82 82
34 60
77 8
42 54
8 30
22 72
75 88
61 14
38 47
64 59
56 94
97 46
29 52
74 97
37 2
22 67
47 49
14 23
71 92
69 79
89 5
78 80
76 41
42 67
82 41
6 99
31 55
45 60
17 37
23 57
63 63
92 99
98 83
85 39
40 85
85 97
73 3
75 79
28 49
41 46
20 38
52 77
47 60
95 33
16 21
99 60
96 44
66 31
3 87
99 70
75 19
52 59
33 71
51 10
23 59
25 99
85 17
81 63
94 57
57 99
99 66
58 47
9 60
11 57
33 37
48 65
98 90
52 31
55 46
93 56
42 39
76 32
94 47
65 23
94 25
16 37
74 35
42 60
11 72
7 62
14 68
37 46
12 85
96 78
44 33
58 97
55 29
50 21
58 57
60 63
45 82
10 84
11 3
96 24
21 91
27 46
64 52
77 47
55 95
16 73
45 48
79 3
58 37
56 64
81 83
81 49
61 95
30 93
62 84
36 15
30 6
99 54
89 81
90 83
16 90
72 78
43 96
12 50
41 31
84 39
71 39
30 77
9 46
85 71
27 92
57 36
45 85
54 59
9 54
96 40
80 97
29 54
54 18
43 27
38 100
96 46
81 3
95 96
44 59
19 33
60 69
19 61
76 30
89 21
99 67
5 56
81 88
16 49
3 64
16 2
29 78
90 52
40 6
34 70
43 72
44 4
83 54
49 48
35 73
31 99
96 37
71 52
3 24
50 70
1 18
78 53
23 78
59 64
69 60
50 82
90 72
23 41
32 24
75 4
82 78
24 67
31 77
32 78
43 59
94 85
100 97
87 45
27 48
40 79
84 47
87 40
23 63
24 98
48 3
6 2
9 52
18 24
40 13
47 23
72 26
28 14
4 8
15 57
38 35
71 32
16 35
62 22
8 86
93 72
99 75
42 20
15 83
93 73
24 62
57 68
66 10
11 90
64 8
99 83
41 92
90 77
49 75
28 54
2 80
39 36
36 76
35 69
10 75
37 49
99 7
10 36
92 91
13 43
43 38
54 50
51 49
83 70
7 48
79 78
48 70
60 91
17 46
83 90
65 78
30 79
75 71
14 37
18 76
8 79
96 53
73 61
10 5
11 52
35 52
60 29
17 70
68 1
32 28
15 3
47 56
47 12
24 75
27 67
68 70
4 80
91 1
57 79
26 60
61 54
50 43
85 67
1 100
86 36
82 32
67 100
31 52
52 57
82 3
63 41
55 86
41 14
7 73
11 16
91 80
92 28
71 52
27 51
91 94
66 7
10 81
30 43
94 87
51 13
57 87
22 96
47 58
84 21
61 32
7 17
9 2
72 57
53 94
91 45
39 86
71 72
85 97
45 78
24 24
2 25
31 9
12 15
43 14
40 7
66 60
59 23
53 51
84 82
71 16
82 49
46 87
34 27
52 80
89 52
61 1
41 57
74 26
64 4
99 21
66 34
22 71
11 11
94 81
30 68
93 100
15 9
42 95
87 2
81 4
82 87
89 73
95 49
76 44
36 43
16 12
44 68
1 47
78 98
82 61
7 38
84 51
9 60
57 49
62 93
76 28
3 10
54 37
50 41
54 16
6 35
38 35
68 44
13 33
85 92
16 70
72 43
27 42
73 1
66 74
42 16
30 72
50 37
46 45
81 80
69 17
80 100
35 85
40 33
100 29
15 51
55 91
3 80
69 63
50 54
77 25
88 74
30 10
61 16
68 79
85 5
77 11
43 4
98 93
6 36
11 78
74 37
13 76
35 64
55 68
3 8
79 72
23 92
21 99
71 78
77 40
63 50
9 90
49 14
52 46
67 94
66 88
9 29
52 48
50 37
70 42
69 72
45 97
46 93
23 28
82 22
36 38
71 77
64 31
1 100
68 2
50 22
50 2
33 4
95 97
57 70
45 22
69 45
26 11
28 98
93 3
73 45
91 28
12 65
63 40
23 35
37 72
98 37
47 88
85 78
14 41
70 3
13 48
68 37
82 44
41 48
51 40
64 23
71 77
17 3
36 36
42 58
70 83
13 56
60 34
69 3
22 63
82 8
23 10
54 89
92 97
1 60
64 62
53 39
74 64
100 500
3 56
65 64
66 11
36 16
7 77
37 1
32 76
60 98
41 36
28 8
73 39
33 26
65 68
57 15
13 39
31 43
87 38
53 50
33 11
13 85
59 12
29 11
4 8
46 68
8 39
6 87
69 81
62 58
12 67
20 23
63 32
19 31
35 7
78 46
13 46
99 60
4 68
59 71
66 59
66 59
49 46
18 73
97 47
12 26
30 51
19 9
83 9
53 97
95 8
99 90
94 76
93 69
66 94
99 80
35 80
67 91
8 77
44 68
70 11
80 54
95 62
32 14
33 3
35 70
63 79
65 100
78 15
80 88
89 88
85 11
7 90
4 42
18 54
25 4
59 84
73 9
35 56
90 1
75 28
8 88
66 8
48 8
21 100
23 39
49 71
18 84
73 82
60 80
66 13
40 37
63 49
79 42
41 98
35 92
99 16
5 4
66 50
59 47
33 44
51 84
49 8
93 83
50 16
99 67
43 71
67 42
80 15
44 54
1 36
68 16
2 55
28 85
18 71
7 4
48 52
15 26
82 16
35 48
82 14
92 83
37 14
9 94
1 14
27 76
25 90
37 58
32 82
7 34
53 83
23 22
60 67
44 91
33 67
70 47
18 38
7 17
80 12
5 6
50 72
46 42
20 95
74 80
18 42
19 11
22 64
50 39
50 40
15 84
87 43
7 99
43 11
28 76
25 26
79 80
86 10
70 22
92 53
7 30
49 47
34 10
50 16
97 16
3 94
61 100
97 1
4 85
71 91
10 46
63 80
52 42
79 3
83 3
72 76
88 91
65 8
20 23
63 18
92 34
87 26
64 88
78 23
2 28
51 55
86 16
33 38
79 72
66 65
25 23
77 68
83 76
29 4
7 43
21 77
70 43
65 96
13 64
19 98
83 24
83 36
93 21
27 42
100 1
71 88
53 71
71 97
48 67
80 46
25 4
26 1
33 61
32 62
21 71
89 86
85 94
44 51
65 97
66 61
83 38
60 56
23 9
63 12
17 9
65 89
5 38
61 31
19 17
54 84
61 9
45 71
93 26
62 11
81 71
41 71
80 71
65 49
53 22
5 28
74 23
39 47
53 41
29 91
7 88
7 54
34 40
59 26
66 61
26 36
7 32
10 85
48 30
34 26
7 47
65 75
43 27
95 72
7 27
37 88
29 30
60 41
52 72
86 64
53 54
35 8
12 76
69 56
40 72
74 89
43 48
60 40
45 72
5 50
83 99
4 54
61 4
5 68
28 12
19 25
18 43
33 90
35 76
69 9
63 60
18 88
8 26
3 68
61 63
25 15
29 87
96 51
7 49
59 100
10 1
44 42
75 86
6 37
33 73
73 46
20 27
30 76
12 15
48 40
40 8
75 38
7 71
95 22
63 6
93 21
18 77
42 58
59 60
53 58
19 34
33 25
35 97
69 53
75 90
69 81
90 22
57 10
93 1
59 11
99 44
59 11
59 99
78 31
8 26
78 48
89 71
50 91
2 96
21 64
75 36
7 86
41 29
87 37
23 77
31 91
33 30
25 43
29 45
83 30
10 88
60 88
69 98
49 67
69 73
83 56
45 58
4 9
37 94
92 44
66 34
93 11
33 14
29 26
78 47
66 8
26 47
32 76
51 76
37 9
66 6
49 71
95 26
96 39
95 36
18 64
44 65
27 97
78 29
81 62
61 36
63 90
6 85
27 51
24 55
57 25
5 88
93 31
48 42
33 28
2 11
54 62
8 97
20 4
34 80
75 85
97 26
34 9
13 39
48 9
19 15
74 5
93 58
82 62
87 38
13 42
23 51
58 91
10 76
69 16
29 15
79 12
49 21
30 36
67 64
28 16
50 22
30 68
97 16
49 24
62 94
69 29
6 80
7 69
78 71
74 60
34 98
69 21
82 68
79 31
96 46
53 11
95 86
92 87
17 84
56 52
35 22
53 1
18 43
32 88
3 2
60 77
31 37
86 27
44 43
62 94
82 24
15 76
60 82
86 97
25 96
18 47
44 18
31 9
30 64
34 3
19 2
71 77
38 1
38 8
33 1
82 27
73 71
44 85
93 13
86 85
99 40
56 73
74 42
92 48
92 38
78 72
19 27
75 48
93 90
50 67
23 97
18 85
65 46
44 10
7 45
44 64
53 31
44 67
66 50
29 9
2 16
12 11
8 26
81 30
69 58
67 9
53 29
63 48
65 31
93 50
60 62
96 72
12 51
61 10
83 80
85 11
18 82
93 80
70 75
17 28
33 57
48 27
79 67
100 500
55 25
94 5
32 25
56 23
91 28
6 33
6 70
17 81
6 49
79 14
50 73
8 87
54 57
26 10
92 85
82 70
3 89
11 32
79 73
77 25
62 43
7 24
4 30
34 73
8 87
33 42
25 70
40 34
12 95
84 55
35 55
96 46
52 55
62 88
77 60
54 50
23 21
89 73
11 64
69 48
79 75
23 38
74 24
50 90
19 89
69 74
33 97
94 60
50 39
100 7
74 53
49 29
22 37
83 31
51 55
92 78
47 28
28 39
53 11
18 100
22 66
74 29
69 47
47 72
52 43
51 53
91 23
91 19
14 41
41 5
93 11
77 86
15 46
12 50
31 39
72 7
94 18
49 90
3 69
19 82
33 95
77 44
17 48
50 83
49 83
81 57
27 24
99 55
55 80
90 30
15 61
84 3
1 30
6 26
79 91
96 40
12 39
48 39
65 10
96 22
13 16
36 82
16 28
53 62
67 95
45 80
1 53
67 90
56 22
51 80
1 80
62 15
77 100
45 44
74 24
76 7
32 44
81 78
51 88
42 38
31 38
35 55
62 86
79 80
29 87
90 23
19 93
77 29
6 38
5 25
60 76
8 7
91 87
26 18
50 48
92 68
14 7
12 89
49 28
40 27
56 30
12 46
36 24
43 63
52 75
13 83
98 66
42 58
88 5
78 76
33 76
3 93
67 39
50 81
51 61
81 30
13 17
20 96
79 56
8 24
98 49
37 58
23 58
15 5
33 93
92 38
96 50
54 9
91 39
16 22
79 9
47 94
67 54
32 66
29 39
73 86
19 46
12 63
69 81
84 95
45 58
94 49
22 28
55 5
83 78
1 40
26 25
67 64
47 88
89 57
1 95
17 87
81 41
15 37
15 32
81 48
67 2
72 66
67 44
34 5
36 73
84 9
11 24
48 39
12 31
35 85
20 57
53 77
99 97
19 71
78 87
69 30
99 27
60 7
50 100
47 94
35 30
80 10
20 98
40 17
90 38
92 2
92 10
17 95
74 77
8 13
78 48
51 72
69 18
11 86
3 70
16 44
32 44
19 89
50 90
51 5
1 41
98 94
54 34
88 46
13 75
23 39
26 11
61 95
91 60
3 78
99 68
92 1
20 28
89 42
42 58
65 86
35 95
97 37
12 38
45 89
99 61
51 30
36 56
94 9
88 43
81 41
33 94
97 42
6 68
18 41
56 48
90 43
8 22
50 89
26 71
46 61
97 100
84 93
12 82
92 96
13 2
99 65
99 54
8 39
60 21
67 100
13 42
1 55
76 89
20 57
49 65
81 37
85 5
36 98
26 89
51 15
11 86
96 58
52 88
49 61
92 13
90 68
48 38
14 89
49 73
80 61
59 95
62 34
56 60
25 44
16 100
60 10
81 21
51 87
84 18
37 41
93 7
50 10
69 5
51 72
27 10
20 64
27 57
6 22
21 44
33 62
37 42
4 37
67 72
96 5
2 48
28 10
79 61
56 45
62 34
27 41
17 66
13 44
31 34
31 85
43 21
19 32
11 42
9 35
49 22
97 34
37 24
36 68
23 32
8 69
16 71
28 89
94 9
22 70
36 80
52 81
6 53
13 89
1 7
79 97
22 63
4 15
49 86
11 41
22 11
47 40
74 5
12 96
3 24
78 37
74 19
31 42
15 82
37 68
2 89
40 39
92 69
81 23
22 42
59 93
3 18
98 89
36 44
62 73
91 57
56 53
13 73
33 2
34 5
59 48
36 96
27 22
1 65
49 75
29 22
51 34
3 72
99 47
43 68
3 9
74 38
40 61
27 43
59 55
79 14
49 90
54 10
33 95
81 34
88 87
43 21
89 58
35 44
99 81
35 34
16 62
31 90
50 34
94 75
72 24
98 49
15 38
90 37
92 75
46 25
15 77
14 5
26 34
62 29
36 58
14 53
48 38
22 5
45 42
53 73
77 42
35 90
50 82
6 46
49 70
45 32
96 75
91 42
16 94
67 15
19 68
92 31
35 37
98 7
67 23
79 54
93 7
59 66
62 77
69 34
3 1
92 99
47 27
5 86
12 42
8 47
98 100
63 34
10 30
30 38
9 44
90 38
6 54
13 68
12 73
84 50
47 25
69 60
79 88
33 14
78 45
2 48
20 47
83 77
13 56
12 68
52 70
59 86
60 57
62 89
97 40
10 44
52 55
45 25
16 41
14 63
77 11
67 91
6 24
31 26
49 100
38 39
8 14
3 75
23 32
76 64
74 7
54 94
94 42
100 500
83 55
27 85
97 28
74 10
29 96
48 16
28 42
82 53
25 39
36 89
6 79
59 20
68 96
100 11
58 31
93 49
45 8
95 84
37 32
11 80
61 98
5 20
34 94
1 91
11 42
31 10
7 14
22 5
87 95
78 82
43 22
53 74
83 54
7 30
76 83
36 87
32 50
9 78
90 77
53 53
59 70
21 37
52 96
42 20
24 52
48 69
23 44
82 18
20 40
20 52
56 19
94 60
23 31
55 68
73 82
25 93
40 26
86 65
9 80
11 69
94 11
92 31
45 54
78 59
64 72
34 82
26 48
14 10
65 12
95 54
54 59
37 7
85 38
99 57
51 63
56 15
22 29
75 97
92 25
45 47
52 24
43 27
26 14
90 67
24 61
86 92
75 86
61 27
48 27
85 91
2 82
96 20
65 4
24 97
32 73
73 7
31 52
23 94
43 78
27 3
19 87
29 67
11 1
14 74
82 57
79 98
29 91
34 72
72 76
82 44
13 50
93 3
18 80
69 92
46 58
94 91
12 43
57 16
44 88
93 14
21 34
46 65
87 8
14 12
43 90
81 97
34 70
27 52
54 38
67 71
45 7
72 63
69 61
39 99
35 49
50 18
28 42
6 72
69 89
16 71
58 36
58 43
64 40
68 11
23 60
50 81
12 66
90 18
6 1
38 93
6 65
5 26
36 50
52 10
69 92
37 66
65 83
40 26
69 91
47 49
8 16
86 2
17 17
61 71
22 51
60 31
11 25
54 100
79 20
7 20
36 10
37 78
57 33
99 99
68 5
24 59
92 88
1 34
37 65
77 7
32 60
31 23
1 28
42 72
87 34
59 68
79 45
27 71
60 32
41 91
49 86
10 60
86 8
45 85
45 94
52 36
25 20
84 55
90 97
95 72
85 42
72 50
47 94
62 43
57 61
69 40
19 92
4 10
87 17
66 50
66 61
95 92
78 57
68 20
49 78
95 90
34 59
29 3
40 38
27 64
94 39
27 24
97 8
19 66
60 94
23 41
34 36
13 89
9 46
31 87
52 75
97 91
13 57
26 72
85 42
63 63
20 21
80 88
38 99
59 41
39 62
59 56
3 39
66 24
90 52
86 36
41 1
78 62
47 20
59 36
9 67
53 14
85 96
30 83
21 25
52 1
10 22
95 84
26 100
9 45
14 63
51 38
91 7
48 64
93 48
72 75
5 57
79 89
38 79
49 10
45 33
17 70
54 24
29 33
13 69
66 36
75 4
26 59
70 46
89 28
47 84
38 31
55 33
100 87
81 57
7 13
41 59
100 36
33 31
4 39
75 89
72 44
65 56
17 5
13 80
52 51
98 78
88 25
31 96
19 72
15 62
81 52
42 87
60 2
6 31
27 93
17 88
16 27
70 24
65 48
66 7
40 41
95 54
14 45
55 23
81 20
59 98
25 50
30 27
1 12
79 16
80 31
77 34
32 10
15 9
51 78
44 50
79 98
64 91
44 47
9 100
1 44
31 89
34 92
75 11
21 82
81 91
28 92
47 16
10 49
66 98
68 64
53 14
22 2
79 8
97 21
10 46
72 34
99 14
4 68
26 21
64 58
87 8
13 2
3 76
59 47
42 61
44 86
90 73
80 43
98 73
38 78
79 1
58 13
22 21
62 78
32 9
92 14
95 24
27 23
91 73
78 49
22 84
18 73
5 100
18 6
43 48
65 33
24 3
5 11
5 58
71 85
78 90
23 10
21 26
52 75
43 66
18 74
33 40
72 52
96 7
66 92
10 20
58 7
20 58
33 42
88 15
67 78
45 67
34 78
89 30
93 68
6 55
24 42
31 1
64 11
40 97
45 23
32 3
44 44
42 44
79 62
37 60
59 90
39 84
21 14
3 55
58 42
33 94
77 11
5 91
58 13
2 27
7 52
28 31
41 69
70 97
47 97
31 1
80 16
14 30
88 97
27 96
67 100
12 81
73 92
74 94
3 58
5 99
14 33
82 76
11 85
54 39
15 15
15 75
19 79
68 61
54 6
23 61
22 6
12 5
28 98
34 28
42 40
53 81
34 76
46 52
72 81
76 86
56 27
75 63
44 89
18 24
87 100
14 72
64 46
82 18
92 64
14 43
18 97
2 15
74 11
24 33
94 27
24 19
5 76
48 84
60 42
26 18
8 57
35 10
28 36
44 30
81 33
1 51
55 23
21 71
30 91
17 25
34 17
40 52
74 75
24 5
3 32
100 29
66 1
5 66
92 61
59 36
34 76
100 500
69 17
93 23
84 4
74 3
48 91
64 88
95 99
3 58
68 4
16 71
22 55
68 76
37 18
72 35
15 58
93 59
30 5
60 45
19 68
82 16
8 75
95 16
54 21
72 5
89 20
23 91
49 11
12 72
94 87
62 20
75 5
59 23
55 4
38 87
97 46
6 13
24 64
38 18
86 28
42 89
26 21
98 46
62 34
66 11
95 50
64 16
2 4
33 31
98 97
92 48
72 52
100 48
76 87
15 44
56 53
35 76
40 35
69 63
40 55
68 86
29 96
13 43
1 84
45 11
13 29
72 94
44 93
67 21
62 18
32 88
98 77
66 17
59 31
26 45
67 77
49 76
50 81
49 18
38 94
65 1
75 76
49 65
42 83
74 11
79 29
27 87
40 69
46 58
97 46
80 31
25 38
44 20
22 91
3 48
38 33
83 84
30 87
68 1
80 70
40 98
68 90
47 33
32 100
3 31
100 89
4 57
14 57
54 29
77 94
8 45
60 2
22 66
6 23
60 9
49 29
65 72
72 50
49 42
25 31
18 4
49 11
2 84
67 35
67 35
50 87
40 35
37 30
79 12
64 16
30 71
49 81
16 71
70 85
78 63
61 96
93 34
32 9
80 59
67 42
1 100
33 35
100 27
37 86
51 34
80 35
41 7
84 54
38 51
35 55
69 31
72 85
72 43
35 50
70 51
50 56
1 57
20 88
39 20
38 11
61 78
70 56
62 83
49 14
18 50
79 99
64 48
25 86
20 23
50 23
68 92
22 95
3 46
26 69
38 75
2 16
55 85
67 53
31 96
61 21
39 9
38 44
61 76
24 34
32 13
98 35
47 62
54 90
74 92
7 8
35 86
68 18
41 72
93 48
10 87
10 58
46 16
66 17
19 90
55 31
1 58
25 56
50 92
7 1
15 89
83 91
98 76
80 97
6 57
60 21
25 92
26 4
19 78
6 72
24 96
65 73
33 5
98 66
62 17
2 45
59 43
79 66
3 94
12 76
75 5
82 11
81 20
47 3
64 81
5 53
68 73
14 20
8 23
8 84
25 52
8 23
42 72
45 31
79 7
22 34
67 42
13 91
60 97
50 5
79 8
65 59
64 76
99 17
83 11
44 77
68 18
68 31
13 89
75 36
100 76
25 38
26 5
64 4
19 71
73 50
16 31
92 10
12 93
84 87
22 76
31 58
25 48
23 88
15 57
82 88
74 33
74 13
2 34
27 85
2 9
37 63
37 73
36 35
33 75
14 100
62 23
50 71
15 42
33 59
27 34
50 43
39 72
99 28
80 77
99 96
24 23
61 92
49 66
61 27
27 78
49 86
18 71
19 16
92 48
35 76
38 30
1 18
67 84
13 86
74 41
2 90
15 94
100 77
34 52
65 34
37 11
12 59
17 90
2 42
33 5
37 81
1 23
37 69
74 92
45 28
47 29
62 87
12 37
2 7
83 56
84 73
36 94
65 51
24 13
6 98
72 92
67 94
61 27
25 88
64 17
73 55
38 76
49 10
41 2
91 90
65 82
85 5
84 4
39 27
6 89
35 86
14 72
74 65
3 81
66 90
76 77
72 58
64 16
47 87
54 71
24 5
32 57
78 43
39 34
27 56
33 30
62 88
39 71
24 29
79 61
15 24
2 52
37 8
89 31
35 52
14 50
12 42
58 11
47 55
61 100
61 43
64 45
81 11
23 28
34 71
41 54
1 53
59 57
68 24
39 31
72 17
7 8
64 78
22 69
1 20
48 28
50 63
43 57
44 88
42 94
25 73
52 57
21 57
21 81
98 13
33 69
92 90
84 58
95 10
70 92
32 58
47 82
27 45
27 76
3 31
7 64
19 99
49 76
33 89
7 55
2 72
26 71
30 81
93 57
7 42
81 4
15 42
79 32
26 94
100 86
54 85
24 81
64 57
95 57
72 69
74 35
42 77
94 96
1 94
15 74
2 99
8 83
32 98
7 95
25 12
14 23
74 54
70 86
12 11
42 73
46 11
48 28
6 85
46 16
79 65
60 92
26 31
26 34
25 16
93 11
1 27
42 96
19 34
19 38
64 69
25 28
24 64
25 55
6 81
34 63
32 81
49 1
30 88
10 17
56 90
47 23
55 59
83 57
27 50
41 84
38 17
81 86
3 31
75 100
47 93
37 67
69 71
72 9
1 51
38 35
2 51
80 86
14 8
44 1
65 100
44 16
29 86
70 93
82 21
54 16
8 42
2 100
83 29
44 30
35 71
75 28
100 500
43 75
43 50
23 82
40 8
83 25
63 30
53 54
34 94
38 52
83 1
61 49
70 28
13 60
58 1
56 36
3 44
26 1
50 39
84 95
83 3
96 33
71 29
45 54
87 28
45 82
61 50
81 36
27 74
15 19
92 61
46 2
100 98
72 36
15 57
70 16
32 21
52 36
23 64
79 77
40 69
51 70
97 82
96 50
38 56
79 36
92 44
7 100
99 8
6 70
18 14
32 42
31 50
61 19
41 26
6 54
6 54
93 8
66 24
58 90
53 71
12 81
78 77
31 96
56 16
23 57
41 95
76 54
6 11
51 70
85 91
65 57
18 96
48 19
78 55
88 36
53 52
86 67
22 100
5 47
40 88
48 26
68 22
66 1
67 42
22 14
84 54
30 50
25 43
97 94
51 23
56 54
71 81
30 21
15 68
12 88
33 8
38 94
46 36
67 3
57 80
43 14
51 8
83 77
73 18
98 16
23 47
48 86
47 76
51 59
100 35
72 85
31 75
6 3
9 40
3 74
86 40
27 94
66 76
97 68
22 21
77 36
79 37
16 52
41 27
40 44
90 29
53 40
83 63
37 50
79 95
7 96
48 28
48 67
25 19
11 69
96 76
38 59
11 90
40 69
5 8
85 26
14 49
93 8
79 66
51 70
11 21
21 69
83 4
87 22
15 77
61 44
41 34
6 4
15 74
44 95
46 17
100 1
90 30
73 32
79 14
10 2
97 99
71 30
83 17
87 18
38 8
68 14
53 43
61 71
9 42
25 16
18 95
96 3
2 8
74 4
51 54
93 32
98 50
63 34
7 25
86 3
73 80
27 21
14 50
71 2
48 46
28 90
70 88
9 92
84 42
89 4
65 35
31 19
65 90
7 70
43 52
86 45
40 54
6 56
77 94
23 57
83 23
99 91
89 39
27 74
83 90
25 32
13 70
58 80
37 71
73 96
92 56
28 69
40 85
56 64
48 20
25 20
13 98
76 20
15 88
31 12
80 42
33 74
83 84
88 16
67 42
15 50
68 67
67 77
63 71
5 65
21 20
85 59
77 81
24 91
66 97
35 21
3 69
34 82
28 50
94 2
51 81
78 46
34 21
25 34
93 14
73 100
68 3
65 16
23 35
18 82
72 10
2 80
7 26
93 56
41 54
94 30
100 28
65 36
93 65
93 13
66 13
76 30
82 95
66 4
25 69
9 56
5 52
13 4
97 31
10 3
47 16
65 100
68 1
51 78
58 32
85 82
65 77
45 75
14 50
65 30
78 68
85 39
97 91
38 45
92 36
96 1
34 98
78 44
90 34
68 22
38 77
73 42
16 21
48 70
46 50
22 91
22 91
58 100
97 91
41 42
96 2
41 89
61 30
26 80
100 28
7 9
11 32
46 31
5 10
23 49
51 56
15 54
96 90
6 24
71 84
46 55
32 16
87 35
23 28
38 68
21 69
31 67
31 56
7 90
52 8
86 2
5 84
92 57
41 45
77 16
11 22
86 72
43 85
41 26
6 88
85 24
71 45
24 59
41 68
26 39
41 49
46 4
79 52
99 19
59 16
63 25
9 60
12 32
90 95
79 95
72 43
6 33
87 11
38 91
26 2
85 36
22 91
13 81
22 30
73 34
35 42
28 2
24 55
12 100
91 17
51 65
19 50
24 64
99 74
100 88
7 59
79 14
6 65
63 42
71 26
53 80
77 32
88 91
12 24
83 29
51 90
21 49
27 14
11 45
99 57
23 94
18 76
25 29
76 81
6 5
56 3
44 16
15 12
23 60
6 49
32 59
53 79
41 92
90 39
48 23
44 32
51 42
53 91
61 54
3 44
29 20
90 98
38 56
58 88
60 24
57 44
6 59
75 50
30 55
96 55
66 51
86 98
47 8
22 45
50 36
38 24
18 82
85 47
71 100
82 91
30 16
51 88
75 14
38 10
9 88
46 61
93 67
76 20
25 17
48 76
85 29
99 34
63 82
65 89
33 62
56 95
92 16
31 32
11 4
96 49
92 32
45 80
40 22
86 49
66 100
23 61
48 19
15 68
73 80
25 31
27 82
27 90
38 80
34 76
37 16
13 84
64 32
86 16
6 3
53 39
18 80
9 4
80 17
9 56
24 90
82 59
29 21
21 39
15 2
9 75
3 39
5 74
68 55
92 19
78 28
14 62
79 22
5 3
3 75
93 29
75 8
46 82
78 30
70 1
51 91
66 60
73 59
85 20
67 85
41 97
7 88
58 72
96 16
100 76
