20
30 200
18 6 106
7 15 -125
11 28 -19
26 2 227
16 20 33
24 19 -29
4 23 168
28 12 -379
10 7 -79
22 16 -265
3 13 167
3 20 -190
28 7 -175
29 28 186
16 10 451
24 26 -68
9 29 10
22 6 128
27 19 -175
23 6 71
7 12 -167
30 14 -97
20 14 225
3 13 139
1 30 294
27 5 -325
19 20 -145
22 23 -11
4 4 23
29 30 173
15 1 206
13 15 -316
22 13 68
26 26 35
4 13 166
19 11 270
14 22 85
15 18 330
8 2 44
19 19 3
20 13 347
16 29 293
30 9 -40
19 8 218
9 15 -215
14 1 -84
29 19 -79
22 24 -22
4 21 -154
18 17 -254
3 10 193
6 7 -139
29 10 153
16 14 295
9 15 -188
10 16 -362
2 6 3
25 22 -25
28 12 -423
13 26 -159
16 30 391
11 10 21
15 21 61
23 4 -61
16 10 437
13 10 70
12 19 280
5 10 408
27 16 -356
21 26 213
27 20 -330
13 20 -218
28 19 -164
11 5 -324
11 1 -209
23 15 -238
15 3 335
20 5 21
22 5 -203
14 23 108
3 6 137
23 5 -256
7 7 75
28 6 -35
29 26 -38
3 9 68
16 7 257
8 18 -64
20 12 6
1 15 -61
19 1 -37
27 21 -379
20 8 430
8 21 -240
25 18 11
22 24 56
10 24 -24
16 25 355
11 16 -335
16 8 379
5 19 172
15 4 229
17 22 355
26 11 348
16 24 367
9 9 82
23 29 -21
10 28 19
16 12 -27
15 24 309
6 13 -23
15 23 319
7 18 160
16 1 178
9 9 32
23 26 -110
25 2 71
14 18 131
12 8 428
2 23 5
12 13 417
2 19 -141
23 11 132
20 17 23
27 4 -211
1 30 301
29 7 -58
16 29 333
6 26 -116
14 18 103
3 9 99
30 27 82
23 18 56
23 3 -16
2 24 -68
28 17 -337
2 1 -197
23 27 148
8 19 -180
3 9 65
25 29 -40
4 13 181
7 10 226
25 4 -114
5 28 368
3 21 -152
11 16 -338
22 6 34
21 1 169
28 15 -322
4 7 67
16 18 343
6 5 -257
25 11 152
10 2 32
23 11 125
23 18 69
28 8 52
7 6 148
27 8 22
22 12 -346
16 7 283
18 28 196
25 8 101
25 26 -106
3 23 94
5 3 261
9 14 57
11 24 -95
16 13 340
2 17 -339
20 27 439
9 8 149
13 12 -328
17 10 483
23 9 9
12 4 323
29 27 246
3 14 32
26 3 95
1 9 166
13 16 -280
2 6 18
5 1 203
23 14 -63
4 29 132
22 6 34
9 29 77
13 11 136
2 22 -42
5 25 411
20 17 -34
29 24 46
23 3 -8
24 12 -296
2 6 56
19 12 -145
5 25 327
30 5 -326
21 28 446
30 200
12 22 133
13 15 -18
18 1 -217
11 2 32
17 17 75
29 17 209
21 29 -157
27 22 24
10 21 207
11 19 258
21 11 -263
14 9 43
25 11 -23
30 12 68
6 15 59
26 25 35
29 26 -12
3 6 93
22 11 -171
27 14 -256
15 22 125
15 13 184
18 8 8
30 30 96
22 22 44
4 17 193
30 27 167
18 21 171
24 13 41
12 2 -136
7 21 322
28 4 371
21 9 -268
16 19 498
29 13 175
3 12 151
27 15 -124
19 26 -70
8 29 38
14 23 -52
17 6 -43
9 11 79
7 25 118
8 22 210
18 16 -298
15 19 73
5 14 73
27 8 -106
26 1 -201
5 11 124
11 21 355
17 12 29
11 4 152
24 26 -116
26 29 80
19 26 -34
9 25 138
18 2 -46
23 19 410
25 26 76
26 10 7
4 5 -139
29 23 -123
15 11 -63
2 1 -118
20 30 27
16 20 429
14 7 4
26 21 290
8 18 89
4 23 -177
25 25 30
17 4 -58
12 10 -59
2 11 49
1 24 462
2 4 193
11 8 132
19 2 -107
17 21 64
13 18 -102
29 28 -184
21 16 -429
21 1 -387
7 7 26
29 29 59
15 15 72
9 15 172
30 2 -103
7 29 178
1 2 184
15 18 6
7 22 279
22 10 -136
4 2 -30
14 23 -68
22 29 -122
17 23 -278
15 12 104
24 4 -48
23 25 187
19 6 -86
29 7 -55
23 6 238
4 14 -41
30 15 -13
27 20 -8
10 23 -116
11 30 193
12 12 13
25 1 -139
11 26 81
22 23 -350
11 2 73
2 23 -70
11 10 174
14 27 334
17 27 58
25 24 243
28 13 446
16 29 348
16 12 388
25 28 -127
22 22 95
12 26 -32
20 13 78
11 4 224
16 4 408
27 29 -138
29 4 77
15 19 122
22 26 -90
15 12 76
18 21 169
4 21 171
11 2 41
27 15 -130
10 10 90
18 11 -78
23 30 311
17 21 63
13 21 102
3 4 70
30 29 -50
22 23 -322
3 15 108
16 14 244
22 9 -213
22 28 -311
12 22 90
17 10 -95
11 26 158
25 15 145
9 9 74
8 26 48
9 5 53
1 1 47
7 18 169
26 16 -210
5 20 256
21 24 -21
14 29 156
8 28 -140
5 18 237
4 29 -18
13 20 68
24 19 24
24 22 27
21 7 -286
8 9 -115
9 5 50
18 25 15
8 13 198
15 30 120
1 15 331
4 2 -30
28 28 84
3 7 -49
14 6 192
26 7 -7
1 28 34
22 20 -14
23 5 173
26 24 198
24 9 -204
6 25 37
12 28 -302
8 6 16
14 13 296
5 8 161
8 10 48
29 1 -172
29 23 -195
7 30 167
30 22 118
27 1 -384
19 16 -383
14 17 289
20 26 -46
24 2 -191
30 200
27 26 -140
24 7 148
6 22 56
21 21 78
13 27 288
22 1 -143
21 19 201
22 1 -128
28 21 -323
22 18 -282
21 22 395
9 1 -62
25 12 -190
1 3 -157
18 22 387
25 20 -272
6 25 4
7 19 -189
11 24 -136
19 18 -38
8 5 169
19 3 -169
27 25 9
15 18 105
28 7 124
6 4 -68
18 14 49
23 10 233
15 27 331
11 22 48
12 4 226
28 26 -165
17 8 -78
17 29 419
9 24 -30
6 17 -281
22 18 -262
30 15 111
27 8 -293
30 14 175
30 19 253
23 20 97
23 7 474
7 7 34
24 4 119
1 11 270
21 12 133
26 21 -42
17 17 18
7 1 -147
24 29 240
15 30 -38
17 13 114
30 18 219
29 21 -326
25 12 -156
28 7 104
18 13 89
28 18 -170
2 10 -94
2 6 148
11 15 -362
9 4 59
5 28 375
15 1 249
17 14 40
28 2 45
10 1 78
4 10 -80
19 12 -67
12 11 356
28 6 97
7 4 -45
14 16 106
6 20 -286
23 19 215
25 22 69
19 16 -9
16 3 -96
21 12 132
17 10 151
13 15 -26
21 11 439
11 18 -285
27 25 59
11 20 -351
27 25 6
16 7 310
5 12 83
10 12 -74
30 11 580
29 12 -266
16 28 258
25 30 -371
28 13 -199
4 29 170
6 7 32
29 13 -286
10 2 137
26 21 -52
27 27 74
8 18 184
14 12 130
17 16 91
9 25 100
7 20 -336
22 11 45
3 9 412
3 24 300
30 19 253
15 3 6
5 17 109
18 3 -57
28 20 -261
20 17 55
24 19 -25
18 5 30
26 6 332
11 26 -220
16 7 264
18 24 198
7 7 88
29 30 -428
26 27 314
27 20 -284
13 1 176
24 30 -263
12 16 48
1 19 5
5 16 174
30 5 137
5 30 -64
22 21 -282
30 28 421
2 19 -111
10 16 19
25 30 -387
18 27 366
15 18 83
26 7 276
22 14 -294
18 9 230
25 10 -33
2 21 -180
16 3 -117
6 10 -173
18 3 -21
20 11 456
9 1 -41
18 15 20
2 27 86
16 30 -111
20 28 322
30 29 499
29 28 -19
4 1 -3
7 28 32
29 3 -339
9 5 -223
25 2 -29
24 12 -72
13 29 412
16 30 -112
18 10 156
19 27 253
7 2 -75
24 26 -44
7 1 -165
16 8 -66
22 5 -274
25 11 130
26 2 209
20 17 38
5 16 182
16 3 -117
23 20 78
7 16 -217
3 29 524
30 1 357
2 12 -124
17 20 54
25 20 -258
26 16 26
22 18 -228
3 7 470
2 28 125
21 16 117
10 25 133
22 18 -206
29 23 -342
5 14 101
27 14 -206
12 17 -28
4 30 -276
15 1 235
26 7 287
14 24 201
4 25 65
26 12 38
25 12 -127
30 200
1 27 77
9 30 -30
26 15 -102
15 8 317
28 28 30
28 1 210
22 7 -2
25 12 59
6 5 108
17 17 36
6 8 241
23 23 31
13 17 -42
12 22 21
24 28 -75
6 23 165
17 18 -76
27 4 -201
25 13 395
21 12 -333
10 3 4
3 3 80
15 8 342
6 13 127
17 12 -131
10 30 -196
17 16 355
17 22 -121
14 7 -431
3 29 59
25 11 251
25 25 99
4 14 230
22 11 226
8 28 -137
21 17 -190
14 15 -287
7 25 93
19 10 103
7 11 246
24 19 62
14 20 -206
24 18 -265
4 14 281
5 23 220
14 15 -318
1 13 7
6 2 63
8 25 -380
14 22 -362
11 29 266
8 27 65
20 27 376
28 26 144
8 2 -85
25 7 49
30 21 359
28 15 -103
12 12 21
18 10 376
6 10 222
1 16 190
6 24 206
19 3 40
1 11 -199
12 20 188
18 4 225
30 9 141
5 4 7
21 25 -355
5 16 267
10 23 88
5 2 93
2 12 -182
20 5 128
4 4 21
11 3 274
12 19 337
30 27 307
21 13 -100
9 2 90
7 2 372
6 24 202
10 3 -1
26 1 151
29 9 -60
29 25 -318
15 10 293
24 30 -142
10 1 47
19 22 -275
1 2 -62
4 12 -139
8 27 133
7 13 445
24 9 -99
9 21 222
24 10 110
18 18 43
8 22 -294
14 4 -207
30 2 119
30 22 -115
13 25 -302
25 16 538
4 17 91
7 22 114
22 27 419
21 7 -415
4 17 89
8 26 -102
6 20 -18
22 27 448
6 16 316
2 15 -128
26 15 -100
8 24 -21
19 5 -25
22 12 9
12 24 381
27 12 -333
8 15 -211
7 28 270
12 19 360
30 22 -96
1 11 -143
17 19 260
3 6 -77
28 13 156
5 19 131
25 11 191
1 3 -7
30 11 58
28 12 -119
2 15 -116
12 3 409
27 19 -34
17 19 201
25 27 479
11 9 125
20 8 272
2 24 130
15 22 -58
22 14 427
21 16 49
20 3 277
12 27 452
2 19 130
16 16 38
25 11 255
2 24 111
13 23 114
15 17 156
28 3 126
26 1 143
1 1 28
27 15 -255
23 11 -198
30 3 201
19 22 -236
19 22 -291
9 29 232
20 11 71
26 19 130
27 4 -160
30 7 -115
24 26 -15
30 3 234
8 26 -35
21 28 -159
18 7 -26
5 6 -9
20 21 369
14 1 23
5 5 89
22 23 419
9 14 251
27 27 20
27 4 -180
19 21 75
27 25 -329
18 13 311
17 21 320
13 8 73
21 4 -156
19 19 18
10 1 48
11 28 101
11 20 -19
10 18 -283
2 2 88
1 9 -115
18 20 148
19 28 -75
23 19 21
17 28 113
2 9 34
8 8 14
30 11 79
7 16 531
30 200
3 14 -241
6 30 51
17 5 38
3 19 -167
25 30 -117
12 25 -129
2 1 -32
30 10 -35
11 8 47
9 26 -185
16 8 370
2 4 -34
15 25 330
27 1 -253
12 7 10
6 21 -12
3 18 -158
29 8 416
4 27 334
26 18 181
15 13 441
4 24 388
10 17 -55
25 16 -87
5 24 371
3 1 -355
13 9 -20
29 16 116
12 28 -38
10 27 218
10 26 55
9 9 48
18 22 -149
17 6 218
29 13 395
19 22 -133
26 8 414
4 5 95
17 17 43
5 14 202
23 26 -87
5 26 44
22 15 -6
28 29 -257
5 21 75
7 14 -197
23 22 2
13 8 118
19 8 205
5 20 279
20 5 -175
27 20 81
5 29 49
4 12 501
30 7 289
21 19 221
4 1 102
11 17 -366
12 7 19
30 23 107
2 6 72
21 24 245
28 23 -178
27 15 -237
22 16 77
27 29 -204
9 9 78
18 14 -72
13 3 115
1 15 33
3 16 -331
4 1 98
6 28 299
25 4 -231
1 9 343
28 5 -233
5 16 94
24 9 71
27 15 -225
26 16 51
21 1 2
26 15 -22
7 1 -276
3 30 -259
5 25 266
7 18 -121
18 25 59
14 6 37
24 20 14
16 13 345
30 10 29
22 19 253
26 17 -14
13 19 -93
27 28 152
15 7 436
30 21 15
14 19 160
6 4 -126
2 10 -14
5 30 91
24 4 -337
30 13 302
6 30 27
30 18 146
24 7 132
12 5 -293
1 24 368
26 22 98
13 19 -123
6 19 104
22 21 99
17 26 101
20 7 184
13 12 113
18 30 -46
1 19 258
4 14 265
1 17 44
30 19 168
10 9 263
17 8 474
23 25 188
1 24 322
25 29 -108
13 19 -84
3 19 -173
4 24 372
4 4 18
27 29 -143
11 2 -329
13 8 87
18 2 -92
30 2 32
4 10 121
17 11 521
17 16 139
16 17 2
18 2 -46
16 30 14
16 29 -1
14 28 197
16 22 8
19 30 -82
26 16 101
27 22 -118
24 21 -156
12 6 -201
28 21 -167
15 24 390
19 24 136
1 4 50
15 17 57
20 2 -102
9 8 170
11 4 -384
29 30 152
21 8 374
10 13 323
18 26 -133
4 27 309
20 23 -86
4 8 535
17 16 133
5 2 152
25 29 -117
15 18 271
2 9 287
13 5 -338
20 13 210
15 27 363
24 11 131
5 19 243
21 6 66
12 12 60
26 20 311
8 10 -314
7 11 72
25 13 163
13 3 129
10 1 2
25 26 -109
17 20 279
4 25 262
20 10 -192
28 10 -219
30 10 -38
1 14 162
30 5 13
24 19 13
21 28 301
26 20 254
2 4 -76
14 12 265
30 20 260
25 13 227
8 2 -329
25 19 43
27 21 -113
13 29 -271
30 200
7 9 121
12 16 199
16 29 208
22 2 257
2 24 173
13 30 -141
28 28 40
5 23 -255
14 10 -109
17 2 262
11 5 190
8 2 -51
19 15 64
27 27 85
30 18 52
29 28 -211
12 25 151
20 6 212
21 27 -33
13 4 -130
7 21 -170
26 16 83
15 13 69
7 22 -222
19 7 187
26 22 -26
29 10 -272
4 27 1
8 30 -309
15 6 150
19 9 211
28 9 388
22 19 142
18 30 38
17 25 113
29 29 6
23 15 267
15 12 -191
12 15 217
22 27 -15
4 20 231
23 6 389
1 27 13
13 1 -169
26 4 -138
2 29 154
27 3 -41
8 22 -282
24 10 -244
20 13 62
14 12 -71
2 1 -147
13 21 -93
19 30 -114
6 23 -284
22 16 196
19 30 -85
7 22 -259
3 27 160
22 16 158
12 28 81
4 13 285
6 30 -267
8 3 -421
3 9 548
20 3 -246
27 23 108
22 16 194
23 14 156
11 25 -70
6 24 105
17 2 213
17 10 34
15 14 51
9 16 -198
21 22 35
10 27 34
28 18 2
3 5 443
24 21 -227
14 1 -76
11 10 -184
24 19 -128
12 24 372
10 17 112
17 17 96
6 9 66
10 21 106
13 2 94
24 25 -190
14 4 -146
15 11 65
4 21 112
23 30 52
14 26 46
2 16 -31
3 7 400
29 2 -29
12 1 115
26 5 198
24 16 -170
3 24 455
6 23 -268
30 12 83
28 22 57
4 19 214
4 23 86
7 9 130
8 30 -311
22 17 25
10 13 206
28 5 321
9 20 -97
5 7 1
18 23 114
17 23 62
25 15 143
17 20 182
15 13 29
2 4 -213
11 21 -29
29 29 48
20 25 -64
14 26 76
10 26 210
7 24 98
12 6 358
22 13 229
30 18 75
16 19 -8
9 2 -83
5 21 -213
26 23 -97
13 20 59
24 27 -357
28 20 154
25 21 80
5 4 -241
19 8 185
15 15 95
7 21 -156
18 20 251
6 30 -313
13 5 172
15 26 43
7 6 87
7 30 -280
3 26 324
22 4 -28
7 10 -253
11 7 148
18 11 280
2 4 -187
13 28 -114
12 2 263
29 14 -104
12 5 430
20 20 24
20 18 -120
28 23 28
24 12 -323
2 22 -183
5 20 -108
13 19 -31
3 7 458
21 27 -74
24 1 -268
10 27 50
30 7 395
23 25 51
19 11 96
21 8 286
7 23 -228
28 12 -63
5 22 -293
15 17 -68
17 25 51
8 8 72
9 6 -12
30 25 107
3 7 448
21 29 301
20 2 139
27 2 290
9 25 -225
16 16 87
21 23 -11
20 29 163
8 1 -280
8 12 -279
29 27 -300
8 15 -43
2 9 142
7 17 -252
29 7 88
17 25 39
27 9 470
1 29 329
4 6 386
18 28 85
30 200
24 10 -83
22 25 123
11 4 -102
17 5 149
24 11 311
21 6 -219
24 11 339
5 24 -4
29 28 370
19 5 -105
13 20 100
26 7 148
10 6 113
22 18 -185
26 21 99
6 25 380
9 21 383
18 6 74
20 18 -88
7 11 236
7 25 127
13 15 -148
11 21 -108
22 10 -228
23 15 -196
6 11 429
2 28 292
14 23 -131
14 8 -342
9 7 378
7 7 61
14 7 -122
23 4 141
19 8 -362
2 22 170
8 29 124
17 5 175
6 18 -16
25 23 -107
19 9 -350
3 2 -206
26 22 130
12 11 489
22 21 90
29 1 88
3 28 -51
6 20 202
14 15 -438
13 25 216
16 11 452
26 28 213
11 25 -92
14 4 -129
27 7 147
21 21 14
25 28 110
16 13 125
22 30 -50
12 20 254
12 18 43
12 26 333
22 15 -315
17 24 105
2 21 175
30 4 112
22 25 108
29 23 208
15 10 110
4 23 8
2 21 138
30 15 -151
1 16 -23
7 16 -191
26 17 -115
15 5 291
25 27 -129
16 23 225
22 13 -67
30 12 -127
15 28 472
16 16 39
8 19 454
18 24 250
5 8 -197
5 11 214
5 5 62
13 9 -127
19 22 -3
9 17 202
14 8 -347
27 13 45
9 20 190
22 27 -46
16 24 203
11 18 -396
11 30 -179
15 22 395
5 25 141
7 7 18
2 14 319
26 30 -21
17 17 47
21 30 -21
6 24 179
16 19 335
26 9 -163
16 2 121
14 22 -148
14 5 -137
17 29 31
13 2 93
13 13 26
30 21 92
21 14 199
19 18 -365
2 27 70
29 6 -28
27 24 79
17 4 248
20 2 47
11 6 -309
15 14 505
16 22 320
19 11 137
1 5 197
29 13 124
28 4 -49
10 25 347
24 27 56
24 7 189
26 3 287
11 20 -268
8 5 279
26 9 -186
19 5 -104
27 21 152
8 23 297
23 2 37
3 29 -298
3 13 -241
5 30 11
3 25 -73
29 5 154
5 21 98
1 8 -73
26 29 -95
7 16 -177
28 19 7
30 4 89
24 13 23
14 2 -233
9 21 364
12 20 194
17 23 181
20 30 141
9 20 244
28 20 -187
5 22 105
13 17 -47
25 14 182
27 19 281
26 7 139
22 26 -18
23 20 -28
8 9 5
1 9 -95
27 27 62
1 19 341
7 4 22
13 23 111
7 27 -104
13 20 83
20 17 -32
8 1 192
27 15 -146
19 18 -318
18 30 212
28 7 -73
20 13 -8
22 12 -222
5 21 141
19 9 -398
1 8 -74
8 9 61
9 28 442
12 17 183
9 6 162
1 21 260
21 7 77
22 15 -315
29 2 123
22 16 -153
5 3 302
8 20 232
25 20 -121
12 8 93
9 21 405
4 10 -271
20 26 107
22 4 39
30 200
5 23 99
20 15 102
26 29 196
2 13 -85
5 12 -417
15 6 127
28 8 373
1 26 129
19 7 117
14 7 64
20 8 13
26 12 -114
15 28 -297
23 10 45
20 7 53
6 3 -245
18 21 1
21 29 -73
26 17 252
19 18 184
10 5 35
30 18 22
9 27 -34
2 5 21
14 4 -304
13 20 143
12 24 321
19 27 54
2 24 -182
5 19 -128
6 8 -71
4 19 319
2 10 44
27 29 17
2 30 101
14 19 -83
24 22 6
4 17 361
17 24 -69
6 21 -10
24 8 164
10 12 -372
13 22 -14
27 29 37
15 1 -294
21 9 72
20 30 202
24 27 119
9 10 174
27 28 -293
15 1 -266
22 2 370
13 22 -106
7 17 -24
13 28 -195
11 2 217
9 15 112
6 5 50
15 13 -81
18 7 -2
3 17 185
6 27 -111
23 13 -113
15 6 156
4 28 -16
25 29 -68
13 14 133
14 9 51
13 5 150
29 27 33
17 19 45
27 21 109
9 13 7
17 21 151
4 30 475
13 9 100
21 27 19
30 21 -32
4 12 -39
8 11 38
2 28 -386
10 3 -202
14 28 -404
1 9 410
27 27 69
26 25 385
8 23 157
7 4 -282
13 8 59
28 4 68
30 17 -39
5 11 -164
19 24 -56
10 16 -408
30 10 102
29 17 100
11 13 69
21 12 -371
15 10 90
23 10 62
22 10 309
24 18 278
6 23 74
6 9 12
6 19 -101
25 9 -57
12 9 440
3 10 361
30 12 -437
24 12 -180
11 12 -165
29 25 248
13 24 6
29 15 165
28 19 352
2 4 -334
13 7 127
5 14 -13
11 29 142
8 21 155
1 18 414
12 14 441
22 8 162
23 23 34
14 17 -10
6 14 3
5 4 -323
22 28 -124
25 10 90
10 16 -441
29 13 -8
18 11 -124
12 15 422
25 18 45
29 28 -217
27 4 -244
23 5 91
21 24 -98
11 21 209
13 11 25
11 11 97
11 16 -242
22 13 118
25 26 -236
26 7 235
16 5 510
9 21 13
24 4 -183
21 24 -76
23 7 -24
19 5 141
9 24 -68
23 25 91
27 28 -251
4 16 34
29 9 74
23 19 -59
1 3 171
22 9 228
17 30 201
12 17 425
11 30 254
28 24 266
5 26 -201
17 9 100
9 4 -301
3 7 226
26 28 -161
14 22 -176
22 25 334
24 10 256
10 19 -82
26 30 369
30 29 -117
19 26 -79
10 16 -449
25 28 -449
11 12 -220
25 22 -190
16 2 488
28 10 473
23 8 -88
30 23 -23
18 19 -93
5 20 -21
9 11 -90
16 9 454
10 6 58
13 6 186
8 3 -23
10 23 -32
25 4 -391
16 12 38
6 16 -374
16 27 388
19 25 240
21 6 78
10 14 -60
20 14 123
26 3 100
30 200
12 15 -354
19 24 243
29 19 -9
3 4 -285
19 27 107
20 16 26
14 12 450
13 4 10
25 24 113
16 3 201
28 9 43
10 29 94
10 9 46
29 7 351
9 26 248
1 27 129
14 11 560
5 8 -70
8 24 68
22 22 3
20 16 -62
24 6 -314
20 1 -114
16 26 185
29 16 30
7 15 -406
11 29 -242
11 27 -207
22 28 -225
13 14 -93
26 8 38
26 2 -71
9 4 -106
11 16 -194
4 6 82
17 29 127
29 18 163
2 19 -18
12 27 -133
12 19 -169
6 17 140
11 26 -106
2 16 26
4 28 219
2 2 1
18 24 113
28 15 -204
13 19 42
17 30 280
18 23 -48
17 10 40
21 10 -68
17 20 133
9 10 -12
1 23 174
7 24 -69
27 15 -109
4 8 422
5 7 85
27 15 -167
11 22 42
13 3 335
15 26 425
2 17 -2
6 10 158
29 25 160
21 20 81
16 22 375
25 30 75
3 8 56
15 4 102
29 5 351
16 20 83
29 25 237
22 25 -121
29 21 139
29 22 397
27 3 267
14 14 52
5 3 -86
24 21 -73
28 9 -2
13 29 119
18 16 -50
3 24 56
1 12 349
24 12 70
15 6 51
2 27 71
18 29 -26
9 10 24
8 9 -81
24 28 -116
26 25 -39
26 12 75
14 20 321
24 29 -161
19 1 -75
6 9 230
26 24 -12
24 28 -78
28 17 -19
14 6 42
12 6 -311
30 13 -227
11 17 -344
28 11 340
24 3 31
10 23 79
24 20 -52
13 24 254
4 26 406
16 24 168
13 30 356
13 5 377
15 8 367
17 10 87
2 15 -100
6 14 20
15 27 250
8 12 107
26 4 -307
24 30 92
25 9 -121
12 2 -114
25 15 -283
29 22 315
10 6 -32
17 30 355
9 8 150
27 5 374
21 9 1
20 19 -13
15 7 484
23 14 -80
8 30 111
5 10 -273
14 16 254
26 10 -165
8 7 170
14 22 519
8 2 -104
26 8 8
15 6 108
22 5 96
30 27 -126
1 22 431
13 5 469
9 9 49
6 5 532
9 2 51
29 8 232
4 25 334
22 20 -160
30 26 31
3 10 -121
5 29 -252
28 24 155
30 1 -306
12 8 38
28 8 183
12 21 -132
5 21 -151
24 7 121
23 3 236
8 27 -164
4 5 475
12 13 -241
3 16 -120
7 26 -78
27 15 -166
7 7 97
5 29 -262
22 17 -284
10 30 264
16 22 379
19 28 87
8 19 -172
3 12 128
21 2 38
6 28 265
13 15 -13
24 8 60
6 21 299
4 15 60
1 13 68
21 9 28
28 3 155
24 4 -282
19 1 -17
19 12 282
20 14 -201
20 7 240
11 24 -70
16 5 297
16 11 346
19 7 390
24 23 -162
14 30 450
8 17 -182
30 200
28 6 -49
3 7 -49
2 20 -46
22 25 101
13 11 149
6 25 140
6 2 -23
6 24 -17
7 5 -148
29 17 -222
5 23 75
28 12 247
6 4 71
6 19 18
18 18 95
28 22 0
7 29 107
20 12 426
16 1 185
10 13 19
6 2 52
18 4 123
15 16 -184
29 14 -253
11 6 31
27 13 -37
17 4 199
4 28 63
7 26 27
5 13 76
10 16 -9
4 15 138
20 19 194
4 16 -110
23 13 81
14 12 452
4 20 -131
8 6 34
4 20 -166
8 3 244
28 15 21
26 8 7
11 11 79
29 14 -264
8 13 -69
16 13 68
30 20 -253
14 25 237
11 27 41
25 12 272
30 30 7
19 22 117
16 27 161
2 26 205
9 24 -172
17 30 326
8 21 37
5 21 201
18 13 -21
28 26 12
12 5 -382
28 9 114
14 2 122
2 8 127
12 16 -358
2 6 81
27 16 -34
12 6 -218
30 6 -61
4 9 153
12 7 -102
4 16 -96
18 28 125
30 27 -89
8 23 -120
14 30 290
6 3 260
21 5 -77
28 18 -2
13 13 81
30 6 -84
27 9 265
23 13 48
13 23 23
28 12 225
23 3 329
23 10 69
22 23 -52
17 21 218
2 18 124
6 4 149
13 21 176
21 8 125
6 13 -87
4 4 5
10 24 42
13 25 185
5 5 27
6 14 -34
11 6 31
12 2 -294
9 24 -187
25 13 -104
20 29 360
12 11 -243
10 28 271
4 12 309
2 2 28
2 9 242
21 5 -134
1 7 103
11 16 -56
26 10 -57
4 8 18
11 6 0
25 17 -198
19 4 56
27 30 248
21 25 164
1 19 36
16 17 77
3 24 -286
8 9 201
23 12 423
24 12 378
8 15 152
18 13 -64
27 25 207
18 5 -161
9 23 -209
9 17 -242
21 28 125
6 30 175
13 9 381
10 28 263
16 20 29
11 25 129
23 3 398
19 1 85
26 5 -137
23 18 197
1 11 61
24 6 95
6 6 96
13 20 -30
29 7 -95
5 5 5
8 16 -132
29 3 103
10 11 190
24 29 308
23 16 11
3 7 -68
13 23 68
26 5 -168
17 5 -17
10 21 122
29 4 -66
20 29 369
1 9 220
7 22 52
17 3 384
6 28 142
6 17 -95
1 20 -151
5 27 161
2 20 -57
19 5 -137
1 25 44
7 23 -123
25 22 4
2 7 217
1 1 54
30 15 54
26 30 92
11 5 -140
15 3 109
22 16 -143
24 21 129
6 8 76
8 11 -20
15 6 -37
12 29 -65
30 28 -21
30 30 52
30 11 -31
23 15 251
10 12 367
23 1 242
27 22 157
23 23 67
18 9 275
13 18 190
3 12 89
21 12 330
6 13 -89
27 15 192
12 1 -162
10 12 395
1 20 -128
30 200
5 10 76
17 21 -285
8 26 -622
17 10 -191
29 17 192
22 20 349
15 24 694
5 17 170
15 8 664
21 10 -602
23 21 650
20 18 129
21 17 -458
20 7 352
4 23 132
1 5 165
23 8 -408
30 10 925
21 3 183
17 30 75
13 2 -964
19 2 -35
5 8 -403
15 10 -180
27 23 919
10 18 -226
14 5 425
10 29 -764
29 4 240
7 27 -28
24 12 96
16 11 -829
25 15 -500
27 8 801
6 4 -374
25 21 -461
12 7 -178
26 6 358
17 9 242
3 19 513
6 17 -251
26 22 320
27 10 -849
16 22 353
17 27 -118
30 13 518
27 11 853
2 14 146
3 15 893
3 28 7
21 18 261
28 9 -888
7 9 83
2 9 410
15 20 69
19 29 31
17 19 -202
24 19 581
8 5 675
10 5 116
27 29 -623
27 6 -360
4 6 -204
13 25 456
22 8 815
18 11 -102
10 8 -547
5 13 966
19 11 471
15 11 729
19 4 -508
13 26 315
1 18 429
5 11 40
14 27 109
28 19 -691
30 3 -528
25 15 -967
25 30 -948
30 24 -837
8 11 -924
16 4 611
17 28 939
27 28 236
24 2 452
25 4 5
21 3 511
7 22 -661
22 24 206
4 21 897
29 26 741
7 20 791
22 29 -238
8 9 -820
26 1 -725
7 18 65
6 22 -255
1 24 -133
18 15 229
21 15 -602
21 27 -810
14 13 880
29 13 902
11 6 564
4 20 731
7 20 506
3 17 401
2 10 849
1 8 195
1 3 611
25 12 834
23 10 -1
26 9 -264
6 21 443
24 29 -28
20 12 -589
3 14 -711
23 12 139
10 15 -839
24 22 -84
26 24 -438
18 28 973
18 9 -727
15 14 -392
20 24 959
17 13 -993
16 15 -864
10 17 218
28 27 -370
15 3 462
12 22 31
18 9 -465
30 29 792
15 9 -712
21 26 -697
12 23 -793
27 10 -100
2 15 962
17 19 469
26 7 825
17 22 144
13 8 737
6 18 -59
20 29 -137
23 14 21
4 16 -659
20 10 574
26 13 -263
5 30 943
23 13 616
20 22 30
3 21 829
24 7 -939
17 24 709
7 30 -468
21 12 -286
18 3 -157
13 16 -996
19 12 -992
16 9 -2
1 30 -686
10 6 -127
28 10 984
23 10 -595
20 7 88
11 4 157
30 9 -784
8 20 209
7 25 -54
4 21 733
19 12 966
15 1 113
16 13 -829
6 30 671
13 30 64
14 29 -46
4 3 183
22 25 20
2 6 -348
8 1 586
11 23 481
20 29 120
11 9 -469
29 27 -358
12 5 525
26 11 -443
20 21 -582
19 30 755
25 18 475
20 8 734
6 13 -570
21 25 -135
21 19 -967
10 16 -928
11 9 938
4 17 588
29 26 -300
25 18 -85
18 6 -561
21 8 878
30 200
22 26 -250
22 12 -878
13 24 910
7 14 744
8 26 909
25 4 980
16 18 -458
12 2 -603
3 4 -984
7 4 516
19 17 398
16 10 24
9 23 -80
23 27 -739
15 6 243
25 5 439
9 21 -755
26 1 698
6 10 -394
2 7 720
30 5 269
15 1 -441
26 28 856
23 12 257
29 14 -262
9 21 -290
9 5 -920
7 26 857
30 7 349
18 7 355
22 6 -368
20 7 838
23 12 -584
11 7 -235
23 6 -649
16 20 -93
25 9 425
25 2 857
8 7 -969
28 1 21
29 9 -271
27 1 -4
9 3 615
21 13 -838
22 18 -500
7 10 430
19 15 -757
13 8 -874
2 6 -157
17 9 -866
28 4 976
25 24 914
6 7 -459
14 13 110
12 1 189
21 30 -214
7 2 -627
30 8 -245
24 7 -341
10 21 442
30 27 788
27 26 704
20 15 782
20 19 829
25 24 -530
27 9 881
27 8 628
4 10 939
7 20 265
15 16 -888
4 30 786
9 1 725
27 10 473
7 26 -666
14 26 519
4 26 40
24 23 -903
26 23 175
1 21 624
19 22 -733
23 30 52
13 14 -359
8 10 -29
19 4 302
11 24 -167
7 26 651
5 4 897
20 14 672
12 19 405
17 29 -345
29 24 -629
10 4 -636
28 23 -158
21 18 -724
23 30 -899
13 12 -880
11 25 468
11 6 611
9 28 960
4 9 -422
3 17 -405
7 25 411
18 6 338
17 2 609
9 12 -340
30 24 -261
6 21 -55
29 13 621
14 22 819
5 27 -964
23 28 -354
2 5 507
23 4 -21
30 19 -551
25 13 -483
20 12 -592
26 18 -683
9 8 -548
18 19 -688
14 21 -32
26 28 -658
18 26 270
4 1 515
27 1 691
2 20 850
8 24 -110
20 3 267
10 4 924
14 1 534
28 18 39
28 6 265
18 19 94
15 20 -405
23 6 944
4 5 547
17 7 -411
29 9 -234
6 4 -342
8 14 683
2 10 421
19 3 -923
20 24 -190
16 7 -241
12 24 939
23 1 -653
2 30 312
24 16 -793
22 15 -763
9 7 548
14 11 -836
4 3 902
17 7 -697
29 30 996
2 6 891
6 7 449
11 14 276
24 27 -447
7 25 558
5 30 547
22 21 830
16 4 -928
11 10 -88
3 23 505
18 7 803
8 18 -444
7 26 -590
4 8 -894
14 12 349
28 30 -877
10 30 701
13 5 135
30 27 -627
12 24 -709
24 10 27
21 28 -527
3 15 237
17 20 -902
12 18 194
30 21 464
15 19 -760
6 17 290
3 19 -617
22 28 496
13 5 -961
8 22 243
10 26 235
4 9 751
26 3 450
16 14 474
27 8 -132
11 5 498
14 26 64
12 26 990
30 5 883
25 16 589
8 14 -732
16 12 -493
29 26 45
26 5 -870
22 30 901
30 200
10 7 927
15 29 -547
18 17 -206
28 21 492
18 24 325
11 7 125
13 18 961
9 27 59
13 22 242
5 6 -453
22 26 246
3 30 -192
20 13 -371
15 12 257
27 21 -972
28 24 589
5 30 -368
17 27 556
30 12 -869
16 7 -995
29 17 660
10 16 671
20 25 -526
12 27 -807
11 30 -868
22 15 -821
27 5 585
10 29 -642
1 30 -648
26 28 -381
12 30 -920
28 16 -540
17 8 495
8 27 -237
21 5 534
11 19 -63
27 11 16
6 24 24
3 8 559
2 6 -987
21 1 -417
20 10 -893
29 12 -387
25 26 712
25 1 -32
21 24 -882
12 25 -487
21 6 -954
2 25 -518
17 7 137
3 21 -281
24 12 -397
6 18 -237
21 17 294
24 30 -380
10 13 146
22 25 874
15 18 -9
9 1 -11
4 28 872
27 19 46
23 4 817
11 5 -267
15 12 -571
26 23 50
15 16 2
21 7 -878
14 10 -229
4 19 642
19 20 -43
22 13 764
26 4 608
18 10 990
24 20 622
16 18 -525
1 7 -905
14 16 777
27 7 -183
11 16 453
19 2 -348
18 2 838
21 15 -460
12 6 -423
30 17 628
14 9 -170
22 2 68
19 8 467
2 11 242
25 6 -407
2 17 -195
14 5 557
28 21 -17
9 5 88
11 14 -237
30 22 550
7 27 -302
13 5 484
25 24 -443
8 12 258
9 29 38
26 9 23
3 22 545
22 28 933
25 1 713
26 5 -228
17 16 -135
25 2 -779
27 29 -519
29 27 196
22 13 284
8 21 -285
4 2 -702
16 14 782
29 8 -630
30 9 -242
10 6 747
1 17 491
30 12 375
14 8 189
28 20 471
11 8 -587
17 20 552
10 23 15
25 19 15
3 1 50
18 26 963
11 6 888
1 22 -75
11 9 802
27 16 840
24 8 -142
17 8 -804
20 2 490
26 3 -298
15 9 262
9 27 876
11 9 -476
22 30 640
28 6 -402
19 16 -405
15 11 -244
27 26 -299
10 22 256
1 4 717
13 25 -240
22 7 630
20 7 -175
10 30 -812
18 3 -884
18 17 842
1 21 668
23 10 27
2 21 537
26 29 277
3 20 293
11 6 -587
3 12 -952
12 24 -449
18 11 279
22 2 876
15 28 -8
12 14 344
4 1 47
1 25 -917
18 13 -519
21 17 -559
16 28 -678
14 13 -539
18 10 450
30 6 638
29 30 42
2 17 -825
7 21 959
13 15 -529
16 13 -872
26 2 -558
14 20 824
22 24 933
20 23 206
2 25 172
18 17 999
5 23 297
1 16 493
29 21 684
24 8 -447
23 21 -497
5 4 -147
3 26 -308
18 2 -458
1 16 -286
16 28 -673
5 20 -927
17 15 -640
15 17 609
22 15 595
16 10 -450
17 23 78
22 14 398
6 21 111
26 29 -512
30 200
1 3 527
21 11 -417
28 3 216
22 3 332
4 9 -365
16 18 222
9 28 971
21 1 449
14 8 -812
4 13 121
14 29 228
30 19 682
18 9 -412
15 21 318
3 27 320
11 30 675
7 15 465
28 9 523
1 9 -743
12 20 358
1 30 -114
17 19 111
1 22 -600
15 25 967
14 16 -591
1 9 921
16 27 -561
10 22 469
22 28 356
19 27 594
30 16 -932
8 10 245
6 24 -64
6 9 96
30 6 240
28 2 -27
29 18 508
29 11 -160
16 15 -248
20 12 -478
30 12 -355
17 19 88
3 14 427
21 3 302
5 20 -291
10 13 832
23 5 -503
29 1 -86
20 18 -778
18 3 -684
20 27 -676
22 24 99
29 1 -32
25 19 224
14 6 -433
6 12 -219
11 26 271
21 5 47
28 2 549
24 16 209
1 6 769
20 28 -231
21 28 -52
27 16 340
4 11 -165
11 2 -416
14 1 152
6 21 894
25 7 -996
17 25 430
9 24 -508
17 18 -653
14 7 274
14 6 853
5 17 -981
26 7 586
3 23 -159
21 26 844
12 21 -611
17 18 -249
29 12 -822
30 13 -134
21 12 660
21 13 -209
8 16 -496
10 8 458
28 26 -51
2 27 256
14 25 718
4 7 722
30 25 -597
25 16 -493
25 7 -50
3 14 -887
21 9 -529
13 23 216
24 20 843
8 2 28
12 3 -357
28 21 -380
14 18 -433
10 29 947
18 2 -242
14 10 736
3 28 207
4 8 -466
11 6 -574
22 13 -535
10 18 138
5 1 -930
17 26 904
13 6 -456
25 21 409
24 3 -917
11 21 -387
14 21 422
12 21 -855
26 6 825
17 12 -899
16 6 150
5 26 76
7 25 -513
21 5 525
28 25 439
6 18 -90
7 22 -323
25 3 782
30 20 -68
16 8 461
21 11 527
21 4 -763
12 16 946
11 24 -32
10 16 -436
28 30 880
10 23 -266
3 25 -736
7 26 701
9 23 266
30 19 440
23 4 -251
22 9 947
3 13 -553
15 28 -808
29 30 864
12 6 -303
10 22 67
15 10 -141
18 24 -490
21 26 954
7 28 684
14 15 626
24 19 -299
13 5 800
11 27 711
20 15 -808
15 24 -969
21 29 -255
19 13 552
1 23 222
8 19 -837
11 23 199
28 16 -285
21 4 581
14 11 156
10 22 756
21 27 -154
6 12 575
11 20 -478
5 6 -945
23 16 609
2 15 -445
28 18 -35
8 1 -330
20 29 742
26 20 163
9 1 457
14 18 537
20 8 258
5 15 -973
7 5 -588
17 18 728
23 16 -507
29 26 -63
9 25 787
16 20 -878
16 15 86
21 17 -157
7 28 -453
1 25 866
6 10 -762
21 26 -726
9 23 51
24 12 -561
2 15 -497
1 5 217
25 9 703
23 10 -793
8 30 -803
14 6 633
30 200
28 10 713
22 8 -959
28 24 -410
22 20 -521
26 14 -757
10 30 138
10 16 179
7 15 -141
1 3 -119
8 15 67
22 7 -825
17 30 993
21 9 746
27 21 822
20 6 -436
8 24 134
6 23 -332
9 29 -401
13 3 -947
19 21 535
9 7 -168
18 23 -923
15 30 213
4 21 -878
24 12 -273
8 4 -279
29 30 -678
18 10 -31
21 9 925
20 27 -108
21 15 157
15 22 739
24 25 184
28 12 -922
30 2 -984
27 6 573
12 4 -355
4 15 321
16 23 75
7 1 693
12 30 968
30 5 -115
18 27 -596
26 19 -985
30 4 118
25 9 -35
20 7 -334
18 3 -552
3 20 225
21 15 822
10 1 22
20 4 -817
2 17 446
16 17 8
29 3 -723
10 1 187
1 3 319
24 26 -625
30 9 -611
23 4 743
21 3 728
15 22 233
3 11 643
9 21 146
17 15 952
25 19 946
5 13 86
9 17 -653
29 11 -113
15 21 436
12 13 -717
18 2 -719
28 12 559
17 21 800
7 20 -388
12 18 408
6 22 -136
11 2 -29
14 24 -441
19 2 47
12 21 -821
8 17 -373
2 25 -905
10 25 -210
2 12 -861
13 10 558
1 7 -413
11 8 -699
17 10 -205
16 5 100
30 11 -231
3 10 -817
2 1 681
20 14 -637
26 20 -11
17 23 461
11 22 453
18 30 -911
23 14 -965
20 13 -634
2 1 -147
7 8 560
11 7 741
13 24 -925
14 13 -903
7 14 922
10 7 850
19 28 -287
8 30 14
22 15 244
8 27 -715
13 6 72
13 14 -255
16 19 -137
8 19 -273
14 17 544
18 22 706
10 13 -669
22 19 -447
10 13 -278
7 4 -726
22 9 565
23 24 -55
29 14 -620
24 18 -389
14 21 -977
15 3 286
27 1 542
19 26 -790
16 2 63
26 21 611
9 30 785
8 21 -684
28 22 64
9 11 494
15 22 -281
18 28 -397
1 4 -459
8 25 -309
19 21 -803
16 4 147
14 6 -835
6 11 -855
28 5 -83
28 22 -99
2 10 169
26 9 199
23 4 -112
1 10 471
11 3 -463
16 5 116
20 10 -648
5 6 622
11 23 -227
4 13 -567
5 14 307
28 17 697
5 8 152
30 17 188
28 18 -190
22 28 -316
22 7 -953
30 3 235
4 17 609
11 14 -354
15 8 368
13 29 698
12 13 169
20 22 -152
11 17 606
12 5 850
29 12 -887
6 20 66
16 28 9
26 30 -113
17 13 -197
6 25 -756
30 22 -949
18 17 -195
30 13 -597
20 25 958
15 25 230
23 15 456
19 3 -695
4 2 -212
26 11 762
28 29 230
22 17 983
23 6 257
26 10 -581
14 1 906
25 3 854
8 29 -465
28 17 -249
25 5 -802
8 16 -158
18 21 697
27 16 -755
3 11 229
21 2 725
30 200
2 3 642
14 19 -426
10 5 575
12 27 721
2 18 -787
24 28 -678
2 6 -621
24 27 738
15 14 -964
9 15 708
10 26 407
23 14 496
19 7 -11
4 11 -56
7 17 -735
10 1 -699
25 3 623
15 12 -873
16 6 452
14 28 207
11 1 -144
3 25 -493
23 14 498
4 20 381
11 16 -597
10 7 406
20 22 -105
21 8 316
10 17 -482
4 13 23
18 3 -498
18 7 -892
28 26 -655
7 10 -237
21 16 822
1 8 11
4 17 818
28 9 461
19 10 -379
17 26 -355
21 18 197
3 17 922
24 8 -698
21 15 13
28 12 689
7 14 211
10 3 454
3 22 -732
24 2 685
14 15 767
18 11 -65
19 2 -324
22 6 -319
16 1 196
28 11 -784
23 28 -272
21 13 -735
20 26 466
15 14 77
6 12 267
17 27 539
12 18 837
11 4 -424
3 15 -285
8 19 986
2 12 -514
20 8 474
28 3 -951
19 24 -854
13 22 -684
7 5 -445
14 25 471
17 28 -381
27 9 -748
6 7 -411
23 16 557
15 13 555
18 17 858
17 21 -57
23 14 385
13 3 715
12 17 770
23 12 718
13 27 -934
7 3 619
22 8 776
15 18 -305
12 25 513
1 15 546
28 13 977
21 25 472
28 15 -517
7 14 509
22 9 -196
14 9 -43
25 19 382
9 4 312
3 11 785
6 26 -937
7 19 -505
9 27 -479
30 17 -132
19 9 -729
22 20 701
13 7 177
2 11 -770
30 23 272
8 2 77
10 2 -289
11 1 -1000
27 24 -45
19 15 729
3 23 565
26 17 13
11 29 797
11 7 -841
23 24 -277
22 7 -565
9 27 43
21 5 -293
11 24 425
6 26 414
12 4 246
3 26 -503
27 10 -178
16 21 -407
12 3 -477
13 20 -254
13 26 -345
29 13 -919
10 28 425
18 22 -191
23 20 820
28 24 913
21 27 254
7 30 986
9 11 -532
30 5 948
24 14 -684
29 21 263
14 28 -71
25 3 250
25 17 -331
30 3 -281
15 24 341
27 22 -550
30 14 838
1 25 173
7 14 -645
3 21 600
19 30 -512
29 30 202
7 11 642
11 28 756
9 2 -29
10 6 -209
30 3 908
26 25 -585
18 14 539
20 12 570
11 20 740
7 5 771
23 17 -515
29 16 -349
2 5 -835
27 14 430
20 24 -492
22 20 -966
7 24 -192
9 25 370
16 27 -532
18 20 584
11 12 -43
20 4 -260
1 12 888
17 9 -904
27 14 -198
6 13 -393
2 20 823
18 7 457
2 17 -456
9 27 797
28 3 -486
22 19 -742
27 2 -502
30 24 561
21 23 489
5 3 874
19 21 385
15 1 356
27 5 876
5 19 -894
10 21 -677
14 19 90
8 2 878
1 30 -472
16 23 -822
26 13 -752
5 15 -44
18 8 -710
30 200
21 24 849
18 24 831
4 14 -905
25 14 678
18 15 -953
26 22 266
2 19 -750
2 18 -48
1 3 -453
8 21 -353
3 11 516
12 22 -157
27 22 958
20 10 -101
11 20 -494
8 19 -106
13 11 897
28 22 -648
18 14 -319
30 5 -688
1 12 135
21 28 445
24 14 161
10 15 -254
26 9 367
25 8 -277
15 29 539
2 26 169
17 12 -807
27 11 911
27 18 577
13 29 -792
12 21 -965
2 30 283
6 28 937
16 19 219
28 3 520
10 23 -457
15 8 45
23 14 686
21 26 85
11 20 813
4 22 -166
19 8 357
21 8 -800
14 6 -582
1 28 523
20 22 -435
18 23 678
20 19 -569
1 16 -327
15 3 24
15 11 696
28 29 -465
2 6 938
26 17 -1
29 8 99
19 20 -237
14 6 332
4 18 -728
26 6 146
2 23 -479
24 21 -300
16 13 -145
5 19 825
17 23 -406
23 13 -545
10 29 890
28 2 680
8 29 986
5 25 -868
13 12 429
17 18 913
8 25 -950
8 18 44
4 14 436
13 14 143
6 11 -504
25 9 -385
19 27 -696
30 1 -883
3 27 80
7 30 -891
14 16 -911
8 2 679
17 3 812
13 21 -810
5 25 -718
1 13 439
22 26 -33
27 30 -410
7 12 -149
9 20 679
19 1 -217
9 28 945
22 29 736
14 12 392
4 7 -344
8 15 822
16 5 543
22 18 -124
18 11 909
11 28 -309
14 28 72
3 2 205
2 15 448
26 4 -298
18 21 622
13 1 665
6 27 674
26 4 507
15 23 -382
20 28 897
11 5 -162
9 22 463
18 7 599
7 18 383
3 5 288
12 13 -240
3 18 696
8 28 985
23 22 -917
19 6 774
5 14 894
4 12 -619
16 2 -993
28 5 -350
17 10 454
9 21 337
27 12 721
22 6 970
17 29 632
2 18 935
6 25 76
19 15 -746
14 5 -693
14 7 771
13 21 973
2 15 739
28 30 -867
20 30 -310
7 14 516
29 2 -614
27 14 -457
22 11 -848
9 25 93
17 15 -605
4 20 709
22 10 844
14 10 -58
18 22 -957
2 16 219
6 24 -173
8 17 -365
15 19 856
13 12 972
11 30 -905
17 6 485
16 30 -619
3 15 -963
5 30 -141
16 30 -863
10 8 374
15 5 -129
17 12 13
1 20 884
6 26 522
24 14 595
22 9 864
11 3 411
21 25 -624
26 20 766
20 12 540
29 20 9
29 30 776
18 16 -989
19 3 500
12 13 937
21 11 559
10 28 -520
10 22 315
22 3 203
3 28 973
8 29 426
17 19 210
1 26 -349
29 15 775
18 9 -206
13 29 121
17 20 -732
21 2 5
12 2 -174
26 27 -327
6 24 -12
10 13 -217
2 3 513
5 2 179
9 7 -255
11 14 -590
21 11 -70
30 200
21 9 201
8 3 -344
6 9 490
20 21 623
20 7 263
24 7 -105
18 3 476
15 8 -475
15 13 684
15 13 648
24 29 889
4 18 268
25 23 747
17 23 873
18 7 -103
10 27 168
29 21 -110
29 24 655
19 30 977
10 24 928
2 14 -705
24 19 134
26 20 -815
19 1 207
23 12 -764
15 4 -880
25 5 -703
15 6 11
10 15 -31
18 26 -431
12 19 -686
29 19 -293
17 11 201
30 24 -836
17 24 904
28 3 162
7 19 421
20 23 149
25 15 -883
19 8 -117
21 13 -114
6 2 -597
18 29 -40
11 23 40
12 15 351
3 15 745
16 6 4
22 21 -509
24 22 927
1 25 -16
25 24 -139
26 24 -665
8 29 20
8 25 91
17 8 -292
4 8 -172
27 20 -852
11 1 -472
17 23 20
8 20 358
29 19 -994
6 20 -905
5 3 -915
17 2 697
22 30 453
9 4 714
13 5 396
30 9 -364
26 12 -619
23 30 -640
4 21 -34
25 1 694
13 21 -209
25 23 -201
9 19 -199
13 2 -535
9 17 -632
29 5 212
16 29 346
27 26 266
10 17 -594
7 25 -663
8 12 -251
14 20 538
3 19 -462
23 19 -933
20 14 910
14 3 317
19 3 -166
21 5 -42
27 13 -114
22 21 789
4 17 918
1 19 -585
28 8 121
13 26 17
18 7 -901
19 22 301
26 11 -669
19 1 -433
16 20 148
7 21 644
19 7 987
2 25 -620
22 1 -292
6 19 -282
26 22 327
11 21 300
10 12 706
16 5 -888
11 15 759
24 29 730
13 15 332
18 29 293
17 28 -642
17 30 182
16 23 -699
28 1 610
16 18 -831
15 22 774
16 2 169
18 21 551
10 2 -324
3 19 738
27 23 -987
16 25 125
7 10 -415
8 4 880
4 21 -619
5 10 -270
20 29 -503
4 24 737
12 25 877
29 20 573
13 5 863
20 17 799
19 11 145
26 7 -553
17 15 -81
28 26 -661
4 30 -183
22 13 735
2 28 -842
9 28 -193
29 18 789
26 17 849
13 22 -405
30 23 -971
21 20 -425
20 10 172
29 3 -221
9 27 -726
29 26 -585
21 17 -714
23 20 953
2 30 667
9 29 -601
21 2 -987
2 20 67
28 10 850
7 19 -593
8 6 148
16 14 105
26 15 -91
19 1 44
30 5 -377
10 24 552
9 23 -877
13 24 650
23 20 947
13 6 493
18 12 676
20 8 -422
7 6 871
20 4 -923
26 6 165
16 22 -75
24 12 216
21 9 89
22 21 -747
1 9 -762
14 6 229
8 14 782
9 13 86
21 7 -114
29 5 447
9 19 -990
25 17 -677
21 18 -919
19 1 -197
2 27 170
3 22 -606
23 29 -201
21 28 303
29 11 384
2 3 -73
9 6 -434
3 20 862
5 28 -223
18 4 830
30 200
1 23 870
5 4 711
16 6 503
29 1 980
20 25 -740
14 3 130
22 11 647
28 25 -220
10 16 552
4 16 267
7 27 862
1 8 902
5 12 -609
18 21 -437
6 10 -271
13 20 784
27 25 629
8 25 986
30 15 151
10 25 962
21 16 394
3 12 -705
13 4 -298
5 24 -192
3 16 733
15 23 509
14 26 85
16 20 530
2 20 -493
2 25 -510
6 4 54
5 14 47
25 13 394
26 23 337
12 25 -537
18 21 559
14 21 -730
17 21 -232
24 23 -67
7 26 -761
7 26 -914
16 12 5
27 1 -380
5 17 -249
15 30 -467
21 2 602
18 20 526
11 21 -473
30 10 489
25 22 -569
17 11 975
26 24 712
26 4 329
18 2 15
12 16 -294
10 20 -146
21 7 -928
20 19 811
26 1 -541
17 7 531
13 22 73
2 29 36
2 18 489
7 25 -402
16 30 838
21 27 261
4 12 -793
6 30 -118
29 11 -735
6 7 -971
18 3 654
13 1 331
9 5 -283
19 26 -486
3 18 -887
28 6 578
20 18 226
13 24 834
20 4 566
2 15 -950
4 27 68
7 10 -364
2 22 -747
3 27 -765
3 17 967
29 11 -741
2 27 -8
8 7 690
9 5 706
20 6 -613
6 10 222
27 25 932
2 28 564
9 5 -187
2 13 -795
25 21 415
4 29 311
10 30 62
9 14 -542
12 5 -976
19 7 712
3 9 740
8 23 935
3 25 971
14 5 -808
3 18 -296
5 8 777
1 11 -524
17 11 -117
14 17 -624
9 21 436
17 29 692
24 3 -365
17 7 44
11 1 -939
4 5 -129
26 24 -129
20 29 945
10 26 -405
11 22 -471
6 12 861
2 11 -918
11 28 82
11 18 577
19 6 -78
20 25 -142
25 9 516
6 28 -147
9 29 250
10 20 440
11 21 -554
12 28 -819
10 21 344
1 23 642
17 19 -765
11 23 148
21 26 756
9 6 235
2 9 704
28 29 71
15 29 372
2 23 255
22 23 -747
28 10 -366
8 1 144
12 6 -117
11 5 -421
25 30 215
3 10 -354
7 11 123
14 6 688
26 16 -849
2 29 -593
6 17 979
1 26 347
14 22 821
1 17 -627
24 16 551
7 22 229
27 2 -587
23 20 -247
10 21 -161
19 20 -707
25 1 476
13 3 -979
12 9 -949
15 21 -481
22 12 -575
16 4 803
5 17 317
11 22 -726
3 11 345
16 6 328
29 25 269
5 4 708
20 16 687
30 29 905
24 25 -83
16 20 323
20 9 -919
7 3 -368
3 17 -555
11 7 -366
17 21 143
20 16 579
6 4 866
26 9 -683
26 29 -322
8 7 785
14 3 992
16 27 561
16 27 275
27 23 -286
18 12 -896
5 13 357
29 18 331
8 5 -621
23 9 -325
22 2 998
14 6 175
30 200
23 28 459
1 19 247
4 1 -747
12 6 3
28 27 204
22 16 -863
7 23 -400
11 1 -3
4 5 599
26 17 -153
5 16 977
27 12 86
14 10 718
7 23 -62
1 15 -692
6 12 -172
29 23 590
2 27 -244
19 6 -806
24 25 448
20 27 -564
19 11 223
6 26 -850
13 8 728
8 16 -458
6 18 -157
15 16 848
24 3 -614
14 25 253
24 21 -967
28 11 511
28 11 991
8 3 775
7 3 -706
8 18 775
17 29 -557
23 25 202
12 5 -329
16 28 -485
30 4 -58
3 30 733
17 29 509
14 8 -427
23 6 231
9 3 -240
23 6 -690
6 25 897
28 17 662
12 30 -909
6 12 40
7 18 -624
10 8 -390
11 1 267
10 26 -453
4 21 688
21 9 814
6 9 -887
21 19 642
23 16 818
2 17 -67
5 11 -883
12 23 -651
5 13 -4
18 22 749
30 11 287
23 13 -138
19 11 -299
6 14 678
14 9 -26
13 18 -2
15 22 -377
23 10 312
11 4 -711
14 9 732
27 26 -745
26 16 139
21 5 906
29 23 802
20 10 441
1 15 -882
24 17 -550
10 13 -92
20 6 -632
16 29 -425
20 3 -289
9 29 -987
30 13 218
28 25 714
18 30 -343
1 14 904
23 7 472
22 11 -575
27 17 -68
17 29 56
7 6 -333
3 10 -912
26 8 928
4 18 -964
8 4 138
29 7 -197
10 9 -405
16 11 -973
19 20 -159
2 7 349
2 20 440
14 20 -480
21 3 773
4 14 -530
6 29 -72
5 18 490
19 22 786
2 20 906
17 14 -513
28 1 -373
24 27 -2
4 24 289
19 6 177
24 19 -245
9 4 343
6 1 888
15 8 962
2 25 -960
10 3 -209
15 26 291
4 30 869
8 4 557
25 12 -559
1 4 -620
4 28 -956
14 12 -788
20 24 -396
29 13 -485
13 2 -762
7 30 897
6 8 260
27 6 -397
8 30 -42
23 18 500
15 18 297
9 1 685
14 21 40
4 8 -205
16 10 792
24 14 853
16 25 589
19 7 346
30 25 -467
12 4 -825
20 15 -209
8 13 152
6 27 83
23 11 -940
10 2 753
29 1 199
29 8 723
26 16 -354
30 18 -955
14 30 912
30 4 -239
13 3 468
17 18 712
5 16 993
5 18 861
21 19 -860
29 11 675
2 7 -924
27 18 189
30 12 948
28 8 111
16 17 837
2 21 175
7 29 724
11 5 -733
7 17 679
12 2 149
6 16 154
23 14 866
20 16 -340
9 7 723
27 15 2
3 27 -315
2 11 856
9 25 554
9 8 90
1 5 -624
29 16 57
14 13 96
16 29 223
7 26 584
18 25 61
25 19 847
14 11 -850
4 20 505
30 23 88
18 5 881
28 11 449
16 15 733
16 14 376
21 16 838
26 1 925
