20
160
1 1000
2 999
3 997
4 994
5 990
6 985
7 979
8 972
9 964
10 955
11 945
12 934
13 922
14 909
15 895
16 880
17 864
18 847
19 829
20 810
21 790
22 769
23 747
24 724
25 700
26 675
27 649
28 622
29 594
30 565
31 535
32 504
33 472
34 439
35 405
36 370
37 334
38 297
39 259
40 220
40 -220
39 -259
38 -297
37 -334
36 -370
35 -405
34 -439
33 -472
32 -504
31 -535
30 -565
29 -594
28 -622
27 -649
26 -675
25 -700
24 -724
23 -747
22 -769
21 -790
20 -810
19 -829
18 -847
17 -864
16 -880
15 -895
14 -909
13 -922
12 -934
11 -945
10 -955
9 -964
8 -972
7 -979
6 -985
5 -990
4 -994
3 -997
2 -999
1 -1000
-1 -1000
-2 -999
-3 -997
-4 -994
-5 -990
-6 -985
-7 -979
-8 -972
-9 -964
-10 -955
-11 -945
-12 -934
-13 -922
-14 -909
-15 -895
-16 -880
-17 -864
-18 -847
-19 -829
-20 -810
-21 -790
-22 -769
-23 -747
-24 -724
-25 -700
-26 -675
-27 -649
-28 -622
-29 -594
-30 -565
-31 -535
-32 -504
-33 -472
-34 -439
-35 -405
-36 -370
-37 -334
-38 -297
-39 -259
-40 -220
-40 220
-39 259
-38 297
-37 334
-36 370
-35 405
-34 439
-33 472
-32 504
-31 535
-30 565
-29 594
-28 622
-27 649
-26 675
-25 700
-24 724
-23 747
-22 769
-21 790
-20 810
-19 829
-18 847
-17 864
-16 880
-15 895
-14 909
-13 922
-12 934
-11 945
-10 955
-9 964
-8 972
-7 979
-6 985
-5 990
-4 994
-3 997
-2 999
-1 1000
160
1 1000
2 999
3 997
4 994
5 990
6 985
7 979
8 972
9 964
10 955
11 945
12 934
13 922
14 909
15 895
16 880
17 864
18 847
19 829
20 810
21 790
22 769
23 747
24 724
25 700
26 675
27 649
28 622
29 594
30 565
31 535
32 504
33 472
34 439
35 405
36 370
37 334
38 297
39 259
40 220
40 -220
39 -259
38 -297
37 -334
36 -370
35 -405
34 -439
33 -472
32 -504
31 -535
30 -565
29 -594
28 -622
27 -649
26 -675
25 -700
24 -724
23 -747
22 -769
21 -790
20 -810
19 -829
18 -847
17 -864
16 -880
15 -895
14 -909
13 -922
12 -934
11 -945
10 -955
9 -964
8 -972
7 -979
6 -985
5 -990
4 -994
3 -997
2 -999
1 -1000
-1 -1000
-2 -999
-3 -997
-4 -994
-5 -990
-6 -985
-7 -979
-8 -972
-9 -964
-10 -955
-11 -945
-12 -934
-13 -922
-14 -909
-15 -895
-16 -880
-17 -864
-18 -847
-19 -829
-20 -810
-21 -790
-22 -769
-23 -747
-24 -724
-25 -700
-26 -675
-27 -649
-28 -622
-29 -594
-30 -565
-31 -535
-32 -504
-33 -472
-34 -439
-35 -405
-36 -370
-37 -334
-38 -297
-39 -259
-40 -220
-40 220
-39 259
-38 297
-37 334
-36 370
-35 405
-34 439
-33 472
-32 504
-31 535
-30 565
-29 594
-28 622
-27 649
-26 675
-25 700
-24 724
-23 747
-22 769
-21 790
-20 810
-19 829
-18 847
-17 864
-16 880
-15 895
-14 909
-13 922
-12 934
-11 945
-10 955
-9 964
-8 972
-7 979
-6 985
-5 990
-4 994
-3 997
-2 999
-1 1000
160
1 1000
2 999
3 997
4 994
5 990
6 985
7 979
8 972
9 964
10 955
11 945
12 934
13 922
14 909
15 895
16 880
17 864
18 847
19 829
20 810
21 790
22 769
23 747
24 724
25 700
26 675
27 649
28 622
29 594
30 565
31 535
32 504
33 472
34 439
35 405
36 370
37 334
38 297
39 259
40 220
40 -220
39 -259
38 -297
37 -334
36 -370
35 -405
34 -439
33 -472
32 -504
31 -535
30 -565
29 -594
28 -622
27 -649
26 -675
25 -700
24 -724
23 -747
22 -769
21 -790
20 -810
19 -829
18 -847
17 -864
16 -880
15 -895
14 -909
13 -922
12 -934
11 -945
10 -955
9 -964
8 -972
7 -979
6 -985
5 -990
4 -994
3 -997
2 -999
1 -1000
-1 -1000
-2 -999
-3 -997
-4 -994
-5 -990
-6 -985
-7 -979
-8 -972
-9 -964
-10 -955
-11 -945
-12 -934
-13 -922
-14 -909
-15 -895
-16 -880
-17 -864
-18 -847
-19 -829
-20 -810
-21 -790
-22 -769
-23 -747
-24 -724
-25 -700
-26 -675
-27 -649
-28 -622
-29 -594
-30 -565
-31 -535
-32 -504
-33 -472
-34 -439
-35 -405
-36 -370
-37 -334
-38 -297
-39 -259
-40 -220
-40 220
-39 259
-38 297
-37 334
-36 370
-35 405
-34 439
-33 472
-32 504
-31 535
-30 565
-29 594
-28 622
-27 649
-26 675
-25 700
-24 724
-23 747
-22 769
-21 790
-20 810
-19 829
-18 847
-17 864
-16 880
-15 895
-14 909
-13 922
-12 934
-11 945
-10 955
-9 964
-8 972
-7 979
-6 985
-5 990
-4 994
-3 997
-2 999
-1 1000
160
1 1000
2 999
3 997
4 994
5 990
6 985
7 979
8 972
9 964
10 955
11 945
12 934
13 922
14 909
15 895
16 880
17 864
18 847
19 829
20 810
21 790
22 769
23 747
24 724
25 700
26 675
27 649
28 622
29 594
30 565
31 535
32 504
33 472
34 439
35 405
36 370
37 334
38 297
39 259
40 220
40 -220
39 -259
38 -297
37 -334
36 -370
35 -405
34 -439
33 -472
32 -504
31 -535
30 -565
29 -594
28 -622
27 -649
26 -675
25 -700
24 -724
23 -747
22 -769
21 -790
20 -810
19 -829
18 -847
17 -864
16 -880
15 -895
14 -909
13 -922
12 -934
11 -945
10 -955
9 -964
8 -972
7 -979
6 -985
5 -990
4 -994
3 -997
2 -999
1 -1000
-1 -1000
-2 -999
-3 -997
-4 -994
-5 -990
-6 -985
-7 -979
-8 -972
-9 -964
-10 -955
-11 -945
-12 -934
-13 -922
-14 -909
-15 -895
-16 -880
-17 -864
-18 -847
-19 -829
-20 -810
-21 -790
-22 -769
-23 -747
-24 -724
-25 -700
-26 -675
-27 -649
-28 -622
-29 -594
-30 -565
-31 -535
-32 -504
-33 -472
-34 -439
-35 -405
-36 -370
-37 -334
-38 -297
-39 -259
-40 -220
-40 220
-39 259
-38 297
-37 334
-36 370
-35 405
-34 439
-33 472
-32 504
-31 535
-30 565
-29 594
-28 622
-27 649
-26 675
-25 700
-24 724
-23 747
-22 769
-21 790
-20 810
-19 829
-18 847
-17 864
-16 880
-15 895
-14 909
-13 922
-12 934
-11 945
-10 955
-9 964
-8 972
-7 979
-6 985
-5 990
-4 994
-3 997
-2 999
-1 1000
160
1 1000
2 999
3 997
4 994
5 990
6 985
7 979
8 972
9 964
10 955
11 945
12 934
13 922
14 909
15 895
16 880
17 864
18 847
19 829
20 810
21 790
22 769
23 747
24 724
25 700
26 675
27 649
28 622
29 594
30 565
31 535
32 504
33 472
34 439
35 405
36 370
37 334
38 297
39 259
40 220
40 -220
39 -259
38 -297
37 -334
36 -370
35 -405
34 -439
33 -472
32 -504
31 -535
30 -565
29 -594
28 -622
27 -649
26 -675
25 -700
24 -724
23 -747
22 -769
21 -790
20 -810
19 -829
18 -847
17 -864
16 -880
15 -895
14 -909
13 -922
12 -934
11 -945
10 -955
9 -964
8 -972
7 -979
6 -985
5 -990
4 -994
3 -997
2 -999
1 -1000
-1 -1000
-2 -999
-3 -997
-4 -994
-5 -990
-6 -985
-7 -979
-8 -972
-9 -964
-10 -955
-11 -945
-12 -934
-13 -922
-14 -909
-15 -895
-16 -880
-17 -864
-18 -847
-19 -829
-20 -810
-21 -790
-22 -769
-23 -747
-24 -724
-25 -700
-26 -675
-27 -649
-28 -622
-29 -594
-30 -565
-31 -535
-32 -504
-33 -472
-34 -439
-35 -405
-36 -370
-37 -334
-38 -297
-39 -259
-40 -220
-40 220
-39 259
-38 297
-37 334
-36 370
-35 405
-34 439
-33 472
-32 504
-31 535
-30 565
-29 594
-28 622
-27 649
-26 675
-25 700
-24 724
-23 747
-22 769
-21 790
-20 810
-19 829
-18 847
-17 864
-16 880
-15 895
-14 909
-13 922
-12 934
-11 945
-10 955
-9 964
-8 972
-7 979
-6 985
-5 990
-4 994
-3 997
-2 999
-1 1000
160
1 1000
2 999
3 997
4 994
5 990
6 985
7 979
8 972
9 964
10 955
11 945
12 934
13 922
14 909
15 895
16 880
17 864
18 847
19 829
20 810
21 790
22 769
23 747
24 724
25 700
26 675
27 649
28 622
29 594
30 565
31 535
32 504
33 472
34 439
35 405
36 370
37 334
38 297
39 259
40 220
40 -220
39 -259
38 -297
37 -334
36 -370
35 -405
34 -439
33 -472
32 -504
31 -535
30 -565
29 -594
28 -622
27 -649
26 -675
25 -700
24 -724
23 -747
22 -769
21 -790
20 -810
19 -829
18 -847
17 -864
16 -880
15 -895
14 -909
13 -922
12 -934
11 -945
10 -955
9 -964
8 -972
7 -979
6 -985
5 -990
4 -994
3 -997
2 -999
1 -1000
-1 -1000
-2 -999
-3 -997
-4 -994
-5 -990
-6 -985
-7 -979
-8 -972
-9 -964
-10 -955
-11 -945
-12 -934
-13 -922
-14 -909
-15 -895
-16 -880
-17 -864
-18 -847
-19 -829
-20 -810
-21 -790
-22 -769
-23 -747
-24 -724
-25 -700
-26 -675
-27 -649
-28 -622
-29 -594
-30 -565
-31 -535
-32 -504
-33 -472
-34 -439
-35 -405
-36 -370
-37 -334
-38 -297
-39 -259
-40 -220
-40 220
-39 259
-38 297
-37 334
-36 370
-35 405
-34 439
-33 472
-32 504
-31 535
-30 565
-29 594
-28 622
-27 649
-26 675
-25 700
-24 724
-23 747
-22 769
-21 790
-20 810
-19 829
-18 847
-17 864
-16 880
-15 895
-14 909
-13 922
-12 934
-11 945
-10 955
-9 964
-8 972
-7 979
-6 985
-5 990
-4 994
-3 997
-2 999
-1 1000
160
1 1000
2 999
3 997
4 994
5 990
6 985
7 979
8 972
9 964
10 955
11 945
12 934
13 922
14 909
15 895
16 880
17 864
18 847
19 829
20 810
21 790
22 769
23 747
24 724
25 700
26 675
27 649
28 622
29 594
30 565
31 535
32 504
33 472
34 439
35 405
36 370
37 334
38 297
39 259
40 220
40 -220
39 -259
38 -297
37 -334
36 -370
35 -405
34 -439
33 -472
32 -504
31 -535
30 -565
29 -594
28 -622
27 -649
26 -675
25 -700
24 -724
23 -747
22 -769
21 -790
20 -810
19 -829
18 -847
17 -864
16 -880
15 -895
14 -909
13 -922
12 -934
11 -945
10 -955
9 -964
8 -972
7 -979
6 -985
5 -990
4 -994
3 -997
2 -999
1 -1000
-1 -1000
-2 -999
-3 -997
-4 -994
-5 -990
-6 -985
-7 -979
-8 -972
-9 -964
-10 -955
-11 -945
-12 -934
-13 -922
-14 -909
-15 -895
-16 -880
-17 -864
-18 -847
-19 -829
-20 -810
-21 -790
-22 -769
-23 -747
-24 -724
-25 -700
-26 -675
-27 -649
-28 -622
-29 -594
-30 -565
-31 -535
-32 -504
-33 -472
-34 -439
-35 -405
-36 -370
-37 -334
-38 -297
-39 -259
-40 -220
-40 220
-39 259
-38 297
-37 334
-36 370
-35 405
-34 439
-33 472
-32 504
-31 535
-30 565
-29 594
-28 622
-27 649
-26 675
-25 700
-24 724
-23 747
-22 769
-21 790
-20 810
-19 829
-18 847
-17 864
-16 880
-15 895
-14 909
-13 922
-12 934
-11 945
-10 955
-9 964
-8 972
-7 979
-6 985
-5 990
-4 994
-3 997
-2 999
-1 1000
160
1 1000
2 999
3 997
4 994
5 990
6 985
7 979
8 972
9 964
10 955
11 945
12 934
13 922
14 909
15 895
16 880
17 864
18 847
19 829
20 810
21 790
22 769
23 747
24 724
25 700
26 675
27 649
28 622
29 594
30 565
31 535
32 504
33 472
34 439
35 405
36 370
37 334
38 297
39 259
40 220
40 -220
39 -259
38 -297
37 -334
36 -370
35 -405
34 -439
33 -472
32 -504
31 -535
30 -565
29 -594
28 -622
27 -649
26 -675
25 -700
24 -724
23 -747
22 -769
21 -790
20 -810
19 -829
18 -847
17 -864
16 -880
15 -895
14 -909
13 -922
12 -934
11 -945
10 -955
9 -964
8 -972
7 -979
6 -985
5 -990
4 -994
3 -997
2 -999
1 -1000
-1 -1000
-2 -999
-3 -997
-4 -994
-5 -990
-6 -985
-7 -979
-8 -972
-9 -964
-10 -955
-11 -945
-12 -934
-13 -922
-14 -909
-15 -895
-16 -880
-17 -864
-18 -847
-19 -829
-20 -810
-21 -790
-22 -769
-23 -747
-24 -724
-25 -700
-26 -675
-27 -649
-28 -622
-29 -594
-30 -565
-31 -535
-32 -504
-33 -472
-34 -439
-35 -405
-36 -370
-37 -334
-38 -297
-39 -259
-40 -220
-40 220
-39 259
-38 297
-37 334
-36 370
-35 405
-34 439
-33 472
-32 504
-31 535
-30 565
-29 594
-28 622
-27 649
-26 675
-25 700
-24 724
-23 747
-22 769
-21 790
-20 810
-19 829
-18 847
-17 864
-16 880
-15 895
-14 909
-13 922
-12 934
-11 945
-10 955
-9 964
-8 972
-7 979
-6 985
-5 990
-4 994
-3 997
-2 999
-1 1000
160
1 1000
2 999
3 997
4 994
5 990
6 985
7 979
8 972
9 964
10 955
11 945
12 934
13 922
14 909
15 895
16 880
17 864
18 847
19 829
20 810
21 790
22 769
23 747
24 724
25 700
26 675
27 649
28 622
29 594
30 565
31 535
32 504
33 472
34 439
35 405
36 370
37 334
38 297
39 259
40 220
40 -220
39 -259
38 -297
37 -334
36 -370
35 -405
34 -439
33 -472
32 -504
31 -535
30 -565
29 -594
28 -622
27 -649
26 -675
25 -700
24 -724
23 -747
22 -769
21 -790
20 -810
19 -829
18 -847
17 -864
16 -880
15 -895
14 -909
13 -922
12 -934
11 -945
10 -955
9 -964
8 -972
7 -979
6 -985
5 -990
4 -994
3 -997
2 -999
1 -1000
-1 -1000
-2 -999
-3 -997
-4 -994
-5 -990
-6 -985
-7 -979
-8 -972
-9 -964
-10 -955
-11 -945
-12 -934
-13 -922
-14 -909
-15 -895
-16 -880
-17 -864
-18 -847
-19 -829
-20 -810
-21 -790
-22 -769
-23 -747
-24 -724
-25 -700
-26 -675
-27 -649
-28 -622
-29 -594
-30 -565
-31 -535
-32 -504
-33 -472
-34 -439
-35 -405
-36 -370
-37 -334
-38 -297
-39 -259
-40 -220
-40 220
-39 259
-38 297
-37 334
-36 370
-35 405
-34 439
-33 472
-32 504
-31 535
-30 565
-29 594
-28 622
-27 649
-26 675
-25 700
-24 724
-23 747
-22 769
-21 790
-20 810
-19 829
-18 847
-17 864
-16 880
-15 895
-14 909
-13 922
-12 934
-11 945
-10 955
-9 964
-8 972
-7 979
-6 985
-5 990
-4 994
-3 997
-2 999
-1 1000
160
1 1000
2 999
3 997
4 994
5 990
6 985
7 979
8 972
9 964
10 955
11 945
12 934
13 922
14 909
15 895
16 880
17 864
18 847
19 829
20 810
21 790
22 769
23 747
24 724
25 700
26 675
27 649
28 622
29 594
30 565
31 535
32 504
33 472
34 439
35 405
36 370
37 334
38 297
39 259
40 220
40 -220
39 -259
38 -297
37 -334
36 -370
35 -405
34 -439
33 -472
32 -504
31 -535
30 -565
29 -594
28 -622
27 -649
26 -675
25 -700
24 -724
23 -747
22 -769
21 -790
20 -810
19 -829
18 -847
17 -864
16 -880
15 -895
14 -909
13 -922
12 -934
11 -945
10 -955
9 -964
8 -972
7 -979
6 -985
5 -990
4 -994
3 -997
2 -999
1 -1000
-1 -1000
-2 -999
-3 -997
-4 -994
-5 -990
-6 -985
-7 -979
-8 -972
-9 -964
-10 -955
-11 -945
-12 -934
-13 -922
-14 -909
-15 -895
-16 -880
-17 -864
-18 -847
-19 -829
-20 -810
-21 -790
-22 -769
-23 -747
-24 -724
-25 -700
-26 -675
-27 -649
-28 -622
-29 -594
-30 -565
-31 -535
-32 -504
-33 -472
-34 -439
-35 -405
-36 -370
-37 -334
-38 -297
-39 -259
-40 -220
-40 220
-39 259
-38 297
-37 334
-36 370
-35 405
-34 439
-33 472
-32 504
-31 535
-30 565
-29 594
-28 622
-27 649
-26 675
-25 700
-24 724
-23 747
-22 769
-21 790
-20 810
-19 829
-18 847
-17 864
-16 880
-15 895
-14 909
-13 922
-12 934
-11 945
-10 955
-9 964
-8 972
-7 979
-6 985
-5 990
-4 994
-3 997
-2 999
-1 1000
160
1 1000
2 999
3 997
4 994
5 990
6 985
7 979
8 972
9 964
10 955
11 945
12 934
13 922
14 909
15 895
16 880
17 864
18 847
19 829
20 810
21 790
22 769
23 747
24 724
25 700
26 675
27 649
28 622
29 594
30 565
31 535
32 504
33 472
34 439
35 405
36 370
37 334
38 297
39 259
40 220
40 -220
39 -259
38 -297
37 -334
36 -370
35 -405
34 -439
33 -472
32 -504
31 -535
30 -565
29 -594
28 -622
27 -649
26 -675
25 -700
24 -724
23 -747
22 -769
21 -790
20 -810
19 -829
18 -847
17 -864
16 -880
15 -895
14 -909
13 -922
12 -934
11 -945
10 -955
9 -964
8 -972
7 -979
6 -985
5 -990
4 -994
3 -997
2 -999
1 -1000
-1 -1000
-2 -999
-3 -997
-4 -994
-5 -990
-6 -985
-7 -979
-8 -972
-9 -964
-10 -955
-11 -945
-12 -934
-13 -922
-14 -909
-15 -895
-16 -880
-17 -864
-18 -847
-19 -829
-20 -810
-21 -790
-22 -769
-23 -747
-24 -724
-25 -700
-26 -675
-27 -649
-28 -622
-29 -594
-30 -565
-31 -535
-32 -504
-33 -472
-34 -439
-35 -405
-36 -370
-37 -334
-38 -297
-39 -259
-40 -220
-40 220
-39 259
-38 297
-37 334
-36 370
-35 405
-34 439
-33 472
-32 504
-31 535
-30 565
-29 594
-28 622
-27 649
-26 675
-25 700
-24 724
-23 747
-22 769
-21 790
-20 810
-19 829
-18 847
-17 864
-16 880
-15 895
-14 909
-13 922
-12 934
-11 945
-10 955
-9 964
-8 972
-7 979
-6 985
-5 990
-4 994
-3 997
-2 999
-1 1000
160
1 1000
2 999
3 997
4 994
5 990
6 985
7 979
8 972
9 964
10 955
11 945
12 934
13 922
14 909
15 895
16 880
17 864
18 847
19 829
20 810
21 790
22 769
23 747
24 724
25 700
26 675
27 649
28 622
29 594
30 565
31 535
32 504
33 472
34 439
35 405
36 370
37 334
38 297
39 259
40 220
40 -220
39 -259
38 -297
37 -334
36 -370
35 -405
34 -439
33 -472
32 -504
31 -535
30 -565
29 -594
28 -622
27 -649
26 -675
25 -700
24 -724
23 -747
22 -769
21 -790
20 -810
19 -829
18 -847
17 -864
16 -880
15 -895
14 -909
13 -922
12 -934
11 -945
10 -955
9 -964
8 -972
7 -979
6 -985
5 -990
4 -994
3 -997
2 -999
1 -1000
-1 -1000
-2 -999
-3 -997
-4 -994
-5 -990
-6 -985
-7 -979
-8 -972
-9 -964
-10 -955
-11 -945
-12 -934
-13 -922
-14 -909
-15 -895
-16 -880
-17 -864
-18 -847
-19 -829
-20 -810
-21 -790
-22 -769
-23 -747
-24 -724
-25 -700
-26 -675
-27 -649
-28 -622
-29 -594
-30 -565
-31 -535
-32 -504
-33 -472
-34 -439
-35 -405
-36 -370
-37 -334
-38 -297
-39 -259
-40 -220
-40 220
-39 259
-38 297
-37 334
-36 370
-35 405
-34 439
-33 472
-32 504
-31 535
-30 565
-29 594
-28 622
-27 649
-26 675
-25 700
-24 724
-23 747
-22 769
-21 790
-20 810
-19 829
-18 847
-17 864
-16 880
-15 895
-14 909
-13 922
-12 934
-11 945
-10 955
-9 964
-8 972
-7 979
-6 985
-5 990
-4 994
-3 997
-2 999
-1 1000
160
1 1000
2 999
3 997
4 994
5 990
6 985
7 979
8 972
9 964
10 955
11 945
12 934
13 922
14 909
15 895
16 880
17 864
18 847
19 829
20 810
21 790
22 769
23 747
24 724
25 700
26 675
27 649
28 622
29 594
30 565
31 535
32 504
33 472
34 439
35 405
36 370
37 334
38 297
39 259
40 220
40 -220
39 -259
38 -297
37 -334
36 -370
35 -405
34 -439
33 -472
32 -504
31 -535
30 -565
29 -594
28 -622
27 -649
26 -675
25 -700
24 -724
23 -747
22 -769
21 -790
20 -810
19 -829
18 -847
17 -864
16 -880
15 -895
14 -909
13 -922
12 -934
11 -945
10 -955
9 -964
8 -972
7 -979
6 -985
5 -990
4 -994
3 -997
2 -999
1 -1000
-1 -1000
-2 -999
-3 -997
-4 -994
-5 -990
-6 -985
-7 -979
-8 -972
-9 -964
-10 -955
-11 -945
-12 -934
-13 -922
-14 -909
-15 -895
-16 -880
-17 -864
-18 -847
-19 -829
-20 -810
-21 -790
-22 -769
-23 -747
-24 -724
-25 -700
-26 -675
-27 -649
-28 -622
-29 -594
-30 -565
-31 -535
-32 -504
-33 -472
-34 -439
-35 -405
-36 -370
-37 -334
-38 -297
-39 -259
-40 -220
-40 220
-39 259
-38 297
-37 334
-36 370
-35 405
-34 439
-33 472
-32 504
-31 535
-30 565
-29 594
-28 622
-27 649
-26 675
-25 700
-24 724
-23 747
-22 769
-21 790
-20 810
-19 829
-18 847
-17 864
-16 880
-15 895
-14 909
-13 922
-12 934
-11 945
-10 955
-9 964
-8 972
-7 979
-6 985
-5 990
-4 994
-3 997
-2 999
-1 1000
160
1 1000
2 999
3 997
4 994
5 990
6 985
7 979
8 972
9 964
10 955
11 945
12 934
13 922
14 909
15 895
16 880
17 864
18 847
19 829
20 810
21 790
22 769
23 747
24 724
25 700
26 675
27 649
28 622
29 594
30 565
31 535
32 504
33 472
34 439
35 405
36 370
37 334
38 297
39 259
40 220
40 -220
39 -259
38 -297
37 -334
36 -370
35 -405
34 -439
33 -472
32 -504
31 -535
30 -565
29 -594
28 -622
27 -649
26 -675
25 -700
24 -724
23 -747
22 -769
21 -790
20 -810
19 -829
18 -847
17 -864
16 -880
15 -895
14 -909
13 -922
12 -934
11 -945
10 -955
9 -964
8 -972
7 -979
6 -985
5 -990
4 -994
3 -997
2 -999
1 -1000
-1 -1000
-2 -999
-3 -997
-4 -994
-5 -990
-6 -985
-7 -979
-8 -972
-9 -964
-10 -955
-11 -945
-12 -934
-13 -922
-14 -909
-15 -895
-16 -880
-17 -864
-18 -847
-19 -829
-20 -810
-21 -790
-22 -769
-23 -747
-24 -724
-25 -700
-26 -675
-27 -649
-28 -622
-29 -594
-30 -565
-31 -535
-32 -504
-33 -472
-34 -439
-35 -405
-36 -370
-37 -334
-38 -297
-39 -259
-40 -220
-40 220
-39 259
-38 297
-37 334
-36 370
-35 405
-34 439
-33 472
-32 504
-31 535
-30 565
-29 594
-28 622
-27 649
-26 675
-25 700
-24 724
-23 747
-22 769
-21 790
-20 810
-19 829
-18 847
-17 864
-16 880
-15 895
-14 909
-13 922
-12 934
-11 945
-10 955
-9 964
-8 972
-7 979
-6 985
-5 990
-4 994
-3 997
-2 999
-1 1000
160
1 1000
2 999
3 997
4 994
5 990
6 985
7 979
8 972
9 964
10 955
11 945
12 934
13 922
14 909
15 895
16 880
17 864
18 847
19 829
20 810
21 790
22 769
23 747
24 724
25 700
26 675
27 649
28 622
29 594
30 565
31 535
32 504
33 472
34 439
35 405
36 370
37 334
38 297
39 259
40 220
40 -220
39 -259
38 -297
37 -334
36 -370
35 -405
34 -439
33 -472
32 -504
31 -535
30 -565
29 -594
28 -622
27 -649
26 -675
25 -700
24 -724
23 -747
22 -769
21 -790
20 -810
19 -829
18 -847
17 -864
16 -880
15 -895
14 -909
13 -922
12 -934
11 -945
10 -955
9 -964
8 -972
7 -979
6 -985
5 -990
4 -994
3 -997
2 -999
1 -1000
-1 -1000
-2 -999
-3 -997
-4 -994
-5 -990
-6 -985
-7 -979
-8 -972
-9 -964
-10 -955
-11 -945
-12 -934
-13 -922
-14 -909
-15 -895
-16 -880
-17 -864
-18 -847
-19 -829
-20 -810
-21 -790
-22 -769
-23 -747
-24 -724
-25 -700
-26 -675
-27 -649
-28 -622
-29 -594
-30 -565
-31 -535
-32 -504
-33 -472
-34 -439
-35 -405
-36 -370
-37 -334
-38 -297
-39 -259
-40 -220
-40 220
-39 259
-38 297
-37 334
-36 370
-35 405
-34 439
-33 472
-32 504
-31 535
-30 565
-29 594
-28 622
-27 649
-26 675
-25 700
-24 724
-23 747
-22 769
-21 790
-20 810
-19 829
-18 847
-17 864
-16 880
-15 895
-14 909
-13 922
-12 934
-11 945
-10 955
-9 964
-8 972
-7 979
-6 985
-5 990
-4 994
-3 997
-2 999
-1 1000
160
1 1000
2 999
3 997
4 994
5 990
6 985
7 979
8 972
9 964
10 955
11 945
12 934
13 922
14 909
15 895
16 880
17 864
18 847
19 829
20 810
21 790
22 769
23 747
24 724
25 700
26 675
27 649
28 622
29 594
30 565
31 535
32 504
33 472
34 439
35 405
36 370
37 334
38 297
39 259
40 220
40 -220
39 -259
38 -297
37 -334
36 -370
35 -405
34 -439
33 -472
32 -504
31 -535
30 -565
29 -594
28 -622
27 -649
26 -675
25 -700
24 -724
23 -747
22 -769
21 -790
20 -810
19 -829
18 -847
17 -864
16 -880
15 -895
14 -909
13 -922
12 -934
11 -945
10 -955
9 -964
8 -972
7 -979
6 -985
5 -990
4 -994
3 -997
2 -999
1 -1000
-1 -1000
-2 -999
-3 -997
-4 -994
-5 -990
-6 -985
-7 -979
-8 -972
-9 -964
-10 -955
-11 -945
-12 -934
-13 -922
-14 -909
-15 -895
-16 -880
-17 -864
-18 -847
-19 -829
-20 -810
-21 -790
-22 -769
-23 -747
-24 -724
-25 -700
-26 -675
-27 -649
-28 -622
-29 -594
-30 -565
-31 -535
-32 -504
-33 -472
-34 -439
-35 -405
-36 -370
-37 -334
-38 -297
-39 -259
-40 -220
-40 220
-39 259
-38 297
-37 334
-36 370
-35 405
-34 439
-33 472
-32 504
-31 535
-30 565
-29 594
-28 622
-27 649
-26 675
-25 700
-24 724
-23 747
-22 769
-21 790
-20 810
-19 829
-18 847
-17 864
-16 880
-15 895
-14 909
-13 922
-12 934
-11 945
-10 955
-9 964
-8 972
-7 979
-6 985
-5 990
-4 994
-3 997
-2 999
-1 1000
160
1 1000
2 999
3 997
4 994
5 990
6 985
7 979
8 972
9 964
10 955
11 945
12 934
13 922
14 909
15 895
16 880
17 864
18 847
19 829
20 810
21 790
22 769
23 747
24 724
25 700
26 675
27 649
28 622
29 594
30 565
31 535
32 504
33 472
34 439
35 405
36 370
37 334
38 297
39 259
40 220
40 -220
39 -259
38 -297
37 -334
36 -370
35 -405
34 -439
33 -472
32 -504
31 -535
30 -565
29 -594
28 -622
27 -649
26 -675
25 -700
24 -724
23 -747
22 -769
21 -790
20 -810
19 -829
18 -847
17 -864
16 -880
15 -895
14 -909
13 -922
12 -934
11 -945
10 -955
9 -964
8 -972
7 -979
6 -985
5 -990
4 -994
3 -997
2 -999
1 -1000
-1 -1000
-2 -999
-3 -997
-4 -994
-5 -990
-6 -985
-7 -979
-8 -972
-9 -964
-10 -955
-11 -945
-12 -934
-13 -922
-14 -909
-15 -895
-16 -880
-17 -864
-18 -847
-19 -829
-20 -810
-21 -790
-22 -769
-23 -747
-24 -724
-25 -700
-26 -675
-27 -649
-28 -622
-29 -594
-30 -565
-31 -535
-32 -504
-33 -472
-34 -439
-35 -405
-36 -370
-37 -334
-38 -297
-39 -259
-40 -220
-40 220
-39 259
-38 297
-37 334
-36 370
-35 405
-34 439
-33 472
-32 504
-31 535
-30 565
-29 594
-28 622
-27 649
-26 675
-25 700
-24 724
-23 747
-22 769
-21 790
-20 810
-19 829
-18 847
-17 864
-16 880
-15 895
-14 909
-13 922
-12 934
-11 945
-10 955
-9 964
-8 972
-7 979
-6 985
-5 990
-4 994
-3 997
-2 999
-1 1000
160
1 1000
2 999
3 997
4 994
5 990
6 985
7 979
8 972
9 964
10 955
11 945
12 934
13 922
14 909
15 895
16 880
17 864
18 847
19 829
20 810
21 790
22 769
23 747
24 724
25 700
26 675
27 649
28 622
29 594
30 565
31 535
32 504
33 472
34 439
35 405
36 370
37 334
38 297
39 259
40 220
40 -220
39 -259
38 -297
37 -334
36 -370
35 -405
34 -439
33 -472
32 -504
31 -535
30 -565
29 -594
28 -622
27 -649
26 -675
25 -700
24 -724
23 -747
22 -769
21 -790
20 -810
19 -829
18 -847
17 -864
16 -880
15 -895
14 -909
13 -922
12 -934
11 -945
10 -955
9 -964
8 -972
7 -979
6 -985
5 -990
4 -994
3 -997
2 -999
1 -1000
-1 -1000
-2 -999
-3 -997
-4 -994
-5 -990
-6 -985
-7 -979
-8 -972
-9 -964
-10 -955
-11 -945
-12 -934
-13 -922
-14 -909
-15 -895
-16 -880
-17 -864
-18 -847
-19 -829
-20 -810
-21 -790
-22 -769
-23 -747
-24 -724
-25 -700
-26 -675
-27 -649
-28 -622
-29 -594
-30 -565
-31 -535
-32 -504
-33 -472
-34 -439
-35 -405
-36 -370
-37 -334
-38 -297
-39 -259
-40 -220
-40 220
-39 259
-38 297
-37 334
-36 370
-35 405
-34 439
-33 472
-32 504
-31 535
-30 565
-29 594
-28 622
-27 649
-26 675
-25 700
-24 724
-23 747
-22 769
-21 790
-20 810
-19 829
-18 847
-17 864
-16 880
-15 895
-14 909
-13 922
-12 934
-11 945
-10 955
-9 964
-8 972
-7 979
-6 985
-5 990
-4 994
-3 997
-2 999
-1 1000
160
1 1000
2 999
3 997
4 994
5 990
6 985
7 979
8 972
9 964
10 955
11 945
12 934
13 922
14 909
15 895
16 880
17 864
18 847
19 829
20 810
21 790
22 769
23 747
24 724
25 700
26 675
27 649
28 622
29 594
30 565
31 535
32 504
33 472
34 439
35 405
36 370
37 334
38 297
39 259
40 220
40 -220
39 -259
38 -297
37 -334
36 -370
35 -405
34 -439
33 -472
32 -504
31 -535
30 -565
29 -594
28 -622
27 -649
26 -675
25 -700
24 -724
23 -747
22 -769
21 -790
20 -810
19 -829
18 -847
17 -864
16 -880
15 -895
14 -909
13 -922
12 -934
11 -945
10 -955
9 -964
8 -972
7 -979
6 -985
5 -990
4 -994
3 -997
2 -999
1 -1000
-1 -1000
-2 -999
-3 -997
-4 -994
-5 -990
-6 -985
-7 -979
-8 -972
-9 -964
-10 -955
-11 -945
-12 -934
-13 -922
-14 -909
-15 -895
-16 -880
-17 -864
-18 -847
-19 -829
-20 -810
-21 -790
-22 -769
-23 -747
-24 -724
-25 -700
-26 -675
-27 -649
-28 -622
-29 -594
-30 -565
-31 -535
-32 -504
-33 -472
-34 -439
-35 -405
-36 -370
-37 -334
-38 -297
-39 -259
-40 -220
-40 220
-39 259
-38 297
-37 334
-36 370
-35 405
-34 439
-33 472
-32 504
-31 535
-30 565
-29 594
-28 622
-27 649
-26 675
-25 700
-24 724
-23 747
-22 769
-21 790
-20 810
-19 829
-18 847
-17 864
-16 880
-15 895
-14 909
-13 922
-12 934
-11 945
-10 955
-9 964
-8 972
-7 979
-6 985
-5 990
-4 994
-3 997
-2 999
-1 1000
160
1 1000
2 999
3 997
4 994
5 990
6 985
7 979
8 972
9 964
10 955
11 945
12 934
13 922
14 909
15 895
16 880
17 864
18 847
19 829
20 810
21 790
22 769
23 747
24 724
25 700
26 675
27 649
28 622
29 594
30 565
31 535
32 504
33 472
34 439
35 405
36 370
37 334
38 297
39 259
40 220
40 -220
39 -259
38 -297
37 -334
36 -370
35 -405
34 -439
33 -472
32 -504
31 -535
30 -565
29 -594
28 -622
27 -649
26 -675
25 -700
24 -724
23 -747
22 -769
21 -790
20 -810
19 -829
18 -847
17 -864
16 -880
15 -895
14 -909
13 -922
12 -934
11 -945
10 -955
9 -964
8 -972
7 -979
6 -985
5 -990
4 -994
3 -997
2 -999
1 -1000
-1 -1000
-2 -999
-3 -997
-4 -994
-5 -990
-6 -985
-7 -979
-8 -972
-9 -964
-10 -955
-11 -945
-12 -934
-13 -922
-14 -909
-15 -895
-16 -880
-17 -864
-18 -847
-19 -829
-20 -810
-21 -790
-22 -769
-23 -747
-24 -724
-25 -700
-26 -675
-27 -649
-28 -622
-29 -594
-30 -565
-31 -535
-32 -504
-33 -472
-34 -439
-35 -405
-36 -370
-37 -334
-38 -297
-39 -259
-40 -220
-40 220
-39 259
-38 297
-37 334
-36 370
-35 405
-34 439
-33 472
-32 504
-31 535
-30 565
-29 594
-28 622
-27 649
-26 675
-25 700
-24 724
-23 747
-22 769
-21 790
-20 810
-19 829
-18 847
-17 864
-16 880
-15 895
-14 909
-13 922
-12 934
-11 945
-10 955
-9 964
-8 972
-7 979
-6 985
-5 990
-4 994
-3 997
-2 999
-1 1000
